64
52 8 85.9379
57 53 44.679
8 62 13.4668
58 14 16.795
40 19 83.4975
6 35 21.2177
17 12 11.1606
35 63 36.8126
61 63 6.73822
61 10 58.4387
46 62 34.5452
62 61 13.5209
7 31 45.0554
51 19 28.303
9 0 60.6789
26 7 28.2075
58 40 72.8812
50 56 39.359
61 32 13.023
41 51 36.4745
2 23 26.8282
54 13 52.6046
59 43 17.4076
43 25 67.674
48 47 28.7887
47 30 39.29
25 27 81.8823
41 11 84.7802
10 19 93.9633
45 51 49.8758
2 20 39.9622
17 55 31.6141
2 9 37.5129
6 63 51.4485
52 44 89.9339
8 20 49.8673
48 60 94.7313
31 2 66.3912
42 28 89.2463
8 24 81.1963
13 48 23.4352
3 50 75.4583
2 11 13.479
26 31 5.52961
29 28 0.291703
31 41 53.9227
50 45 22.5016
58 48 11.0723
51 17 38.6928
45 43 57.2375
0 41 5.03029
45 10 20.5436
41 7 77.4333
29 31 10.8021
49 61 99.4935
36 21 58.7256
56 37 69.5082
51 14 27.1504
1 48 76.2741
52 16 21.5758
52 32 60.4211
60 44 31.6669
26 57 39.6791
27 61 1.88186
37 35 54.3068
10 8 17.2409
48 9 38.6195
14 16 42.0016
51 53 50.9126
63 16 40.326
21 52 91.5352
19 15 75.4491
0 59 7.87667
13 22 23.654
58 12 89.6955
54 16 97.8709
61 39 55.586
49 30 61.8184
63 22 45.7082
4 53 16.0166
50 37 83.0809
38 35 92.0331
46 58 33.0901
44 18 38.4725
43 48 29.9654
25 48 24.6724
35 24 67.6181
13 36 35.0207
33 4 24.9381
25 3 95.7599
22 33 3.38471
37 49 48.6963
22 59 63.817
61 8 83.1783
9 36 77.9823
25 30 92.0212
24 0 64.3536
46 21 77.6924
24 10 81.3256
59 50 84.5856
27 19 9.1401
55 33 3.02482
39 10 9.16649
7 38 47.2429
30 16 98.4521
21 41 9.32554
33 44 73.6688
45 47 31.8045
63 28 28.2494
46 5 72.9472
32 58 59.8481
35 9 45.8614
29 34 67.2151
34 63 64.1018
28 5 55.4746
54 28 85.9798
38 6 19.169
31 61 48.9331
62 0 64.9918
2 49 49.7581
62 52 42.5792
23 55 91.4257
43 5 70.1602
22 25 74.1819
2 51 6.50998
42 27 53.5486
47 58 62.1607
8 11 97.2227
62 16 92.1075
6 9 91.2479
18 8 48.4566
51 55 51.114
4 37 95.6889
40 35 8.28033
43 54 54.4188
34 39 66.7542
28 22 96.2525
12 32 95.7541
8 25 54.512
24 4 6.68413
48 15 31.6251
2 7 89.6081
16 11 80.4986
32 15 22.408
52 26 87.7213
62 3 48.0343
52 57 16.303
19 60 56.2544
3 31 92.4387
15 31 70.8019
34 21 64.0289
56 57 21.3591
22 23 52.2159
10 49 81.1322
56 24 92.7939
13 15 4.18946
17 25 23.4949
31 6 10.7825
14 8 65.049
31 60 36.8614
61 41 81.4547
36 48 34.0002
3 27 40.6926
15 35 94.5411
22 3 59.0067
52 20 98.4162
0 25 99.8665
2 58 67.054
10 51 4.00172
41 16 77.2214
46 8 26.4748
28 24 93.8617
35 45 15.2872
18 47 74.8411
39 12 61.7218
51 43 86.2976
20 11 58.3649
24 23 2.90489
22 40 37.1659
52 49 33.6991
42 5 29.042
24 59 35.6729
29 49 51.9373
19 31 92.8355
58 27 89.8637
31 28 70.245
48 19 22.3589
6 32 77.0381
25 32 14.568
55 52 38.3383
23 50 91.7344
58 41 97.5764
34 24 4.92611
8 51 4.62085
12 34 59.9664
60 22 67.8916
63 60 18.9022
15 56 62.4413
1 35 43.3399
24 39 92.3576
30 13 28.5151
34 19 2.99575
1 30 88.371
57 14 0.797199
12 54 59.124
56 12 94.0602
28 14 17.9882
9 10 21.8881
15 14 24.6782
51 27 26.4971
30 19 44.0888
5 59 46.3258
41 27 12.5144
40 11 56.9292
37 57 37.8094
43 7 85.6165
45 16 72.3255
10 26 10.7886
8 38 45.057
28 16 25.9746
2 38 2.69614
10 14 40.3588
53 7 96.4097
20 18 8.272
41 20 74.4882
26 27 80.582
50 32 38.3042
7 5 8.66791
11 51 1.10754
17 59 3.93439
15 46 95.3187
22 37 40.6433
18 15 77.2345
61 29 41.9846
13 61 63.8888
38 34 50.671
14 33 27.7389
12 14 20.4557
25 31 81.5674
26 39 45.5007
10 43 14.356
19 25 1.32958
40 23 9.53544
9 63 66.7301
56 61 92.0052
58 1 63.1102
6 49 58.9286
16 20 40.3215
21 8 27.713
43 18 71.644
8 54 36.9123
46 14 66.93
31 0 76.1729
49 18 86.778
45 6 93.2202
57 24 68.6855
57 22 35.6882
44 4 72.2826
1 27 82.6683
47 44 1.03091
32 16 19.9656
57 16 16.5943
39 59 45.5781
39 30 61.9109
55 39 25.6181
51 31 22.9312
36 32 57.9841
11 15 1.72836
15 21 31.8801
56 32 21.6238
1 38 51.5233
62 14 16.7034
32 20 55.2657
30 20 30.0005
3 60 25.5542
43 34 31.3791
2 55 68.5101
4 59 33.3808
33 42 1.25184
6 18 31.6018
52 4 96.7906
52 14 65.3555
46 45 76.6429
9 12 77.0511
33 59 18.8077
62 9 9.07117
30 29 34.7694
27 15 91.3876
5 58 90.1106
8 4 23.8192
11 45 40.2491
25 39 23.4459
53 12 56.1469
51 25 85.2806
3 17 95.8961
25 54 83.85
33 58 65.2026
42 11 83.9479
40 32 48.8971
18 52 65.4832
27 22 73.8782
0 52 50.0457
62 18 51.604
10 11 21.5897
23 12 90.035
12 55 62.2057
31 13 61.132
21 39 70.9672
60 56 44.9838
58 25 41.0264
47 10 83.888
17 62 39.0396
27 36 32.8728
60 8 60.7698
26 36 93.2043
62 35 43.6555
19 44 44.2133
7 42 43.9705
47 34 93.9966
15 44 78.5871
52 42 8.82049
8 56 11.4173
63 43 18.2039
2 4 92.8044
35 8 84.8901
56 5 75.1342
42 0 57.1307
12 29 3.73544
29 33 47.7326
62 31 30.6065
10 21 89.0343
41 14 87.3985
24 11 79.9957
12 38 85.5607
27 46 87.2202
30 56 87.0951
7 45 29.7215
37 15 2.48878
14 30 40.4067
24 1 22.9927
37 47 50.7921
18 4 27.5856
52 34 57.9122
62 57 19.0996
46 49 82.9893
37 58 0.706431
6 23 54.7181
58 54 20.4757
56 20 15.7751
16 42 25.8506
38 37 99.1262
1 3 91.933
27 49 89.744
20 31 5.60513
10 31 61.066
11 27 88.6455
38 62 19.4231
44 40 62.9006
40 2 74.8271
20 33 49.9355
40 41 90.3842
63 26 98.3557
33 52 14.45
15 61 47.0346
47 20 42.3027
43 6 94.9661
43 39 50.1107
5 49 66.5225
29 27 4.95387
44 5 83.1919
4 17 3.59828
4 9 77.628
33 17 24.1417
30 33 18.0911
8 29 84.3624
6 56 68.4308
7 33 75.9588
62 60 46.1696
48 40 25.0702
17 61 16.6318
26 43 58.135
30 18 8.39988
3 42 61.5918
39 44 97.7848
31 4 97.7518
59 14 60.0753
58 42 8.7775
19 54 90.9227
50 22 2.79148
14 49 16.3692
28 43 28.802
32 0 14.461
14 38 22.4407
45 24 18.1469
63 58 13.866
17 29 88.8114
30 27 24.0938
0 29 68.8
28 49 23.0073
62 20 84.2167
19 50 37.1838
15 2 22.9576
31 46 73.4425
26 30 90.3345
13 9 2.09218
46 38 71.0005
18 12 67.3468
21 58 51.081
54 48 98.8853
0 12 45.5483
56 18 70.384
37 5 24.4012
5 36 92.3195
58 34 17.2965
62 27 24.7312
57 41 43.6971
60 41 9.79992
0 40 97.7227
49 60 71.2327
1 13 39.2644
37 45 14.098
41 15 79.0387
21 7 11.3795
7 28 15.5887
62 29 70.306
34 42 78.1845
42 49 85.8681
45 22 51.244
4 42 74.2855
13 26 40.2103
27 53 17.8686
0 53 95.6266
4 16 93.9709
19 37 77.395
22 20 10.8812
47 7 20.6057
54 60 58.1177
13 41 6.52766
61 30 2.42419
45 40 87.1199
62 34 42.8754
48 41 24.8908
22 46 70.3195
12 33 1.7452
53 63 91.7172
60 13 35.7281
55 7 14.5867
29 4 86.8457
21 25 26.6499
53 28 44.1975
35 23 64.4603
7 48 69.2843
13 40 68.5176
31 49 95.9958
26 59 73.4085
48 62 39.6752
22 12 22.0915
49 8 8.45637
62 44 34.9954
54 6 82.2517
53 33 24.9749
23 33 65.3867
3 55 88.37
53 25 91.159
55 42 9.15264
4 47 16.8777
2 33 0.773792
39 22 38.9725
47 9 33.7693
39 37 7.8579
60 2 54.6278
17 48 74.8492
58 15 93.2784
20 44 62.7886
55 22 44.8817
14 47 97.7106
35 43 73.738
60 45 45.5569
32 28 41.631
42 1 75.9578
9 21 66.3857
40 17 23.6445
11 12 43.3032
31 27 56.2747
29 25 77.2153
56 49 51.7427
41 25 25.8724
57 51 19.2417
0 48 90.9626
44 24 84.8463
37 13 8.94758
6 50 76.0266
14 20 63.1348
21 42 43.0386
44 28 24.9211
61 53 73.3614
59 10 6.44229
56 55 53.9532
27 63 36.939
30 32 53.292
35 56 90.2766
53 37 59.4854
9 40 24.7101
12 63 29.7204
26 40 25.1984
47 28 55.31
52 1 58.2582
50 5 48.8533
34 50 48.5463
5 47 27.1558
7 12 88.2877
8 16 97.9971
12 43 31.6643
31 11 19.6665
3 6 11.637
54 20 98.4394
35 10 39.5226
59 1 0.0490345
44 53 80.9508
52 9 40.0085
56 9 58.2662
63 19 68.9701
0 2 86.786
55 26 93.4553
39 50 70.3386
33 1 29.6908
51 60 33.578
57 17 54.8065
36 12 87.4792
47 51 23.5303
31 42 22.2664
36 40 92.2007
57 46 60.5407
1 57 85.0638
50 49 66.2947
35 59 68.7115
6 37 44.8898
25 7 16.9504
37 30 4.70995
26 54 23.6557
8 13 19.6757
3 40 30.9116
54 2 14.3479
28 39 3.10793
31 23 1.45618
4 3 17.8493
14 31 9.63014
41 12 14.8001
62 7 92.5941
26 12 79.459
43 2 4.87196
43 40 48.7068
14 18 64.0704
27 44 42.4315
47 31 54.9708
23 28 52.8366
63 7 67.8004
53 54 6.45829
25 55 74.3207
54 17 22.9284
10 13 44.2428
60 36 72.0444
24 26 23.0045
25 13 4.19345
53 5 69.9342
60 6 23.1683
42 10 63.0937
11 39 31.4761
23 36 99.9968
10 3 53.5161
7 59 93.7619
9 46 21.7254
25 47 26.7228
25 4 6.87101
1 55 14.5673
28 59 9.24146
29 50 2.78989
47 32 18.4621
46 11 49.3161
42 8 87.7191
3 19 31.8307
26 18 52.5774
51 21 23.1707
20 29 20.5925
56 41 88.0921
26 1 53.9987
4 54 70.9615
43 22 6.4504
21 3 66.0387
23 11 85.2857
50 42 9.83009
11 21 89.1602
5 57 33.4003
3 7 93.0467
18 63 11.3429
45 34 10.6989
31 45 23.2867
57 63 25.9271
25 18 46.8729
4 26 71.9103
24 29 91.5778
23 52 9.69023
26 11 28.072
63 3 46.7051
34 33 83.3981
2 13 6.93366
54 57 38.5485
11 43 81.4369
21 29 68.9068
20 6 29.1585
16 47 7.14584
8 47 86.5545
5 35 34.2918
60 11 6.67257
17 38 69.0546
22 8 50.4104
20 13 34.7884
49 57 99.0996
23 4 18.1178
12 15 60.9302
0 3 68.6719
25 28 83.9334
58 0 21.4773
45 12 75.7449
40 5 3.97266
39 19 7.80107
59 29 87.8888
1 63 45.1927
19 18 20.4063
2 29 31.8294
32 60 49.3455
48 35 89.4786
5 8 46.4444
5 45 46.227
49 59 59.9539
57 34 13.0121
40 6 58.1876
42 18 47.5236
17 47 51.4078
51 42 51.4063
21 38 75.1555
45 33 89.2932
41 46 9.90023
15 45 17.6801
58 50 32.6775
38 18 67.8261
49 35 28.1088
56 3 86.2681
25 49 92.6641
17 21 77.5267
15 38 56.9646
0 47 2.17877
25 6 12.8129
12 8 5.46233
38 31 99.241
24 46 36.3921
53 3 89.7417
15 5 34.6122
32 51 15.513
62 43 73.1967
43 41 99.1414
53 41 15.374
13 47 87.3883
60 37 95.8002
56 47 27.8314
62 47 94.5231
53 55 72.1883
23 44 8.35301
43 13 43.9904
38 49 85.2731
23 25 40.8865
13 5 92.4422
33 13 57.2848
62 24 51.3664
19 41 80.2202
37 31 31.0499
54 9 13.0642
24 50 35.0544
0 6 75.298
0 18 52.9191
25 33 22.654
12 5 88.763
4 7 14.0187
18 50 22.3812
17 18 45.6113
39 38 7.59546
58 61 43.77
14 27 25.0128
5 48 74.4854
20 27 20.733
3 41 19.578
39 7 22.9158
34 59 33.7333
22 11 23.7549
63 51 52.3797
54 31 33.3427
39 17 53.3823
53 2 16.7535
48 28 80.4265
48 39 77.5542
34 20 6.51091
49 44 83.3095
31 8 50.9615
61 5 23.8455
5 0 70.794
2 27 30.6972
23 41 41.559
4 46 53.6067
50 33 92.2608
30 6 44.0845
28 40 9.87358
33 8 42.2252
7 9 61.0526
38 10 8.42083
1 12 79.8476
21 13 63.5298
5 16 20.1136
13 57 99.6709
30 35 34.2637
60 4 22.8879
62 45 22.7077
55 35 60.561
58 10 77.6775
52 63 52.6071
34 10 21.3502
58 16 31.7846
10 25 61.252
1 4 71.7953
50 62 98.5229
46 25 15.3584
47 39 27.5769
37 9 69.8545
36 24 78.5167
38 48 26.53
6 55 72.6339
46 43 23.57
33 36 55.2738
38 3 42.0041
21 62 0.913482
23 62 23.682
35 32 53.7123
27 28 24.5827
7 61 60.4597
1 7 87.5384
41 38 76.5254
61 36 75.1486
59 48 62.7649
29 26 75.7917
15 3 89.5581
48 32 98.1432
48 11 77.0487
47 33 7.13627
43 30 29.665
13 23 64.697
6 8 48.9549
52 46 58.7638
57 58 19.899
33 6 94.4837
44 6 16.4669
9 25 18.9201
61 42 42.8031
34 31 54.0022
43 29 13.5468
51 26 65.2921
47 6 1.45337
34 18 65.1035
25 20 68.8942
26 16 49.6878
11 34 2.36539
8 41 71.6187
57 59 82.1312
38 58 35.3704
60 50 74.3834
58 36 48.1868
15 28 16.3493
36 14 30.9228
22 4 18.0545
36 42 96.1912
49 41 26.1585
57 25 96.6442
21 20 70.4717
43 50 26.4699
1 32 87.236
24 60 9.55133
12 3 13.5097
40 55 47.2535
54 22 33.7803
17 41 74.4569
59 11 83.8447
36 46 83.742
20 53 85.2544
62 36 45.9754
17 11 22.272
1 61 92.5416
21 16 36.3394
56 59 17.3572
7 14 47.7033
19 23 96.5821
33 5 85.5021
7 40 30.9282
18 46 96.5972
26 42 99.363
16 24 8.20237
31 40 61.9962
14 1 75.4853
59 58 80.6387
50 52 90.8799
13 39 38.6119
6 36 83.7424
34 17 29.9221
42 15 51.1313
9 51 44.2766
25 63 43.2887
27 34 3.74968
41 5 90.9815
39 51 27.4176
28 4 73.4698
16 43 62.1151
51 56 56.3818
61 57 95.8033
63 40 34.772
2 8 16.8908
59 13 71.5328
4 11 46.0054
24 2 49.8641
0 60 71.1131
56 26 24.2214
33 62 18.9011
35 21 3.56946
23 15 8.53485
3 18 93.4635
52 43 65.6625
39 33 69.1766
19 26 19.1992
27 48 97.6318
46 37 71.8001
43 37 99.8978
51 5 56.2363
10 46 37.752
58 62 80.6188
30 22 34.5672
39 56 52.1482
57 29 52.7098
45 26 5.11336
27 13 8.2644
14 19 20.7426
1 53 72.5743
13 49 51.6592
57 2 88.8965
4 45 67.5095
32 14 80.9218
53 30 17.5044
58 39 5.29644
52 15 54.9987
17 49 61.8229
52 59 62.1672
48 12 58.0822
12 57 85.0722
41 2 50.522
44 35 95.2681
40 49 98.9085
50 11 83.8545
8 58 5.52759
36 8 82.5383
41 45 25.7339
49 21 33.0919
8 7 51.5359
16 46 7.23547
11 53 27.3761
38 25 63.7489
49 47 17.715
22 53 99.2852
57 35 52.9061
30 62 21.4761
36 35 19.7989
8 26 55.4031
0 20 47.9822
8 53 41.3422
47 11 93.3661
14 55 26.3586
45 29 4.6089
37 34 42.1286
42 20 30.034
3 11 7.77397
22 35 90.0294
15 24 47.9651
54 63 21.1866
18 16 81.6665
46 26 11.9803
8 27 61.1492
53 46 68.4354
37 18 65.872
23 54 32.0587
31 50 87.6691
56 63 54.4873
28 1 48.5099
61 2 96.7722
38 42 83.534
62 37 11.8365
44 43 62.7856
43 23 98.0518
13 51 25.8128
55 5 85.8273
1 41 26.9325
23 14 90.4387
46 17 88.562
21 22 9.69603
21 56 79.3314
39 6 39.8421
20 59 74.1974
50 25 20.5065
46 47 65.3746
46 50 25.7895
40 34 43.9181
6 57 75.035
35 19 77.1146
47 12 26.6619
51 46 57.6983
34 56 97.4827
13 4 69.9389
25 34 57.1846
9 53 36.1683
8 30 11.6282
4 35 22.5755
5 17 45.6212
38 47 25.9939
23 10 87.3715
49 15 21.9097
19 9 65.083
60 29 48.8714
62 26 88.0377
51 28 91.6347
57 39 0.734464
35 51 10.9115
46 44 32.143
24 41 56.5046
8 23 52.0673
27 59 11.6234
47 53 74.7161
0 54 99.6548
63 23 41.4432
62 55 95.9544
62 42 93.0899
58 4 89.359
32 26 87.1385
29 42 22.3988
38 51 99.9727
41 26 72.095
5 63 11.9256
46 55 6.7514
54 29 38.0658
63 15 96.5017
12 50 12.6799
58 35 75.091
9 57 40.5132
6 13 10.2191
7 57 36.7606
10 18 15.7923
28 26 23.3756
20 17 37.8901
9 45 3.58768
25 52 1.40484
23 53 2.41776
41 39 76.6076
55 36 79.0571
59 45 0.611235
28 56 43.3946
22 1 18.6336
21 43 81.9041
20 28 75.4233
6 28 93.9598
46 7 75.6992
26 20 6.83605
57 15 90.1021
28 60 42.8517
26 25 55.4583
9 8 23.7201
60 10 69.2517
58 20 18.6287
4 19 24.2806
5 34 84.7859
2 6 37.8003
54 15 58.4593
36 50 91.162
32 43 28.7008
21 37 90.7447
4 0 35.3074
56 36 34.2121
27 47 93.6531
52 17 42.0003
25 59 25.8217
59 9 22.4219
32 3 15.8138
39 45 29.375
52 40 16.5094
61 11 10.2726
44 26 92.0847
46 0 46.8076
22 18 75.9622
33 41 53.0281
10 48 70.8255
35 28 26.3039
44 55 98.5759
27 6 75.8427
46 19 87.9581
23 30 47.7573
29 37 15.3649
24 19 98.9592
49 1 67.7999
46 34 47.5875
60 46 38.6742
50 35 36.7393
6 14 50.3214
37 24 37.3741
14 60 87.178
53 31 5.27533
1 6 14.957
55 61 4.84747
42 24 51.8857
32 29 47.3329
13 24 42.51
42 57 11.7566
38 0 96.868
9 1 34.9549
1 0 10.6702
53 38 23.3443
33 24 40.241
55 11 53.0697
6 17 79.5503
33 16 44.9348
58 56 26.9454
6 51 19.0819
48 46 40.1186
42 56 97.051
33 49 95.5054
60 9 12.6678
28 46 96.7066
28 17 49.1925
35 34 60.6186
55 58 18.9302
26 35 69.069
7 23 93.3298
28 50 25.4701
36 53 42.1716
5 25 29.6416
59 23 35.553
38 27 16.199
52 19 35.8297
39 27 32.1814
33 31 3.48372
7 15 31.684
24 12 49.1205
39 9 23.9959
7 17 52.0397
61 38 10.1961
57 60 96.6707
9 30 7.05306
24 43 28.5198
27 0 33.0725
1 47 93.0294
27 37 65.1964
48 53 27.3131
43 17 10.3785
45 20 62.7657
49 24 18.5728
57 10 11.0057
54 55 54.2336
38 43 8.03126
58 23 13.2401
58 18 25.2686
21 44 55.5577
2 30 25.859
34 51 83.927
45 61 2.78393
11 6 41.8321
12 30 49.9738
25 14 6.00503
35 27 60.5463
17 24 87.7589
59 63 94.8283
52 41 36.0843
23 49 70.8804
14 44 35.2715
24 40 93.141
21 28 69.6637
60 18 24.7905
34 48 33.1871
51 48 38.0862
7 36 70.7045
19 47 74.2048
26 5 0.0796865
55 27 97.9063
36 44 91.7139
21 53 97.7976
40 62 56.3086
13 3 37.32
34 28 23.5229
0 37 34.9265
33 43 78.3559
32 41 12.7659
20 37 85.3426
54 7 78.8899
61 3 42.4993
21 18 29.4144
35 11 75.3557
27 12 94.6094
32 21 50.61
32 59 81.2828
2 25 83.0347
10 17 82.2436
5 27 51.9776
55 0 4.44358
52 36 48.3289
17 15 58.4586
2 36 92.5097
49 3 3.58468
5 31 62.4912
42 41 92.9608
18 54 8.84665
59 47 76.158
54 61 89.8456
38 23 59.4522
16 56 8.63137
44 42 67.0032
63 45 87.0924
5 30 14.1715
32 54 16.2561
3 52 14.4561
53 19 66.0584
50 26 8.40961
7 34 18.4246
7 24 72.7296
44 45 51.8966
54 51 24.9745
16 12 34.261
5 38 87.8362
60 23 20.7379
18 31 60.5238
52 45 42.9546
25 35 31.0575
52 31 31.4893
43 19 20.868
13 38 78.6755
20 39 3.90959
36 54 8.81511
3 39 91.0443
28 30 44.3346
50 53 75.557
23 61 35.0213
34 49 89.8687
55 16 96.0371
21 57 11.8498
4 40 95.5098
16 39 8.10713
49 11 59.3568
12 10 79.2648
63 47 72.7303
27 10 34.9972
51 40 25.3533
37 25 52.9815
58 44 26.9365
27 40 7.03244
47 2 34.7628
43 61 60.8088
42 25 15.5221
41 59 30.7726
38 63 17.4636
60 61 26.0252
12 61 51.1949
51 3 30.7931
1 19 93.6615
28 57 95.4271
41 34 83.7455
8 34 91.6418
40 1 1.05961
51 30 49.6199
45 23 85.18
37 17 65.2324
52 12 3.99833
63 20 14.3112
1 56 40.667
31 30 64.0404
62 25 64.227
37 26 66.3751
24 54 50.4763
14 56 98.8059
38 29 72.8243
48 57 6.16785
52 27 64.0031
1 21 43.4416
1 44 3.3789
47 24 42.5051
63 4 76.8649
25 11 39.831
54 5 98.1359
50 0 17.7698
46 29 99.4565
19 8 67.3517
1 46 59.3682
9 22 96.5367
45 27 53.0268
2 3 9.53144
16 3 79.5078
3 5 54.0824
36 38 62.3576
9 14 99.3014
42 22 33.8505
16 29 39.9338
52 58 38.9353
49 45 2.05606
1 36 4.26965
21 27 69.7137
17 56 53.1017
37 11 79.9541
48 14 63.2301
56 7 38.3214
22 26 6.9251
25 56 46.1648
61 4 72.2774
2 32 87.705
62 5 38.1346
18 48 55.0391
8 48 98.3134
57 11 76.5224
52 38 56.9435
39 5 18.6449
60 5 11.1556
31 59 30.2702
29 39 53.8525
16 59 54.114
61 37 34.4737
2 56 83.7182
34 26 33.3641
29 47 10.5742
25 16 24.2249
58 24 54.2134
20 10 54.1282
46 6 97.2897
16 49 65.6165
23 47 62.2517
36 19 63.1943
51 52 16.7815
16 9 34.5048
43 27 92.2912
63 17 24.1007
62 19 72.7143
48 6 56.6858
54 41 96.3443
59 6 87.1508
26 60 64.2158
13 7 61.6082
14 63 12.0665
47 43 97.6248
47 41 71.5809
18 53 11.2567
0 35 98.4265
18 61 17.4372
38 22 9.73879
32 34 15.5814
41 22 17.047
63 39 99.6661
21 47 87.1298
48 52 10.5587
3 47 1.4607
20 57 37.5903
54 37 57.4023
22 10 25.5388
17 53 54.1457
22 32 45.1398
13 19 43.1971
21 4 81.9043
14 11 34.8064
61 47 52.3698
28 52 40.2873
14 5 7.82944
50 13 14.69
19 5 31.9366
37 16 70.3775
63 62 96.9697
13 14 68.391
52 61 24.198
43 60 69.6579
15 16 51.3839
30 52 14.0739
38 55 87.4341
27 9 41.1888
36 49 40.4382
47 57 93.8553
48 50 34.7121
54 35 11.1728
17 31 17.9972
57 32 41.0963
50 2 91.9567
16 7 79.3966
28 10 93.9257
19 29 66.9434
63 49 93.5367
15 20 47.4683
44 22 26.682
24 31 89.9853
62 49 8.64744
40 61 40.7324
30 63 89.1759
56 27 46.6544
12 4 62.5854
25 1 54.9765
6 62 9.20738
2 10 38.9524
61 50 46.2149
33 40 80.1826
34 36 73.2651
44 16 8.41818
19 11 43.2385
14 17 95.1045
41 28 7.82364
4 38 29.3502
17 1 22.8429
48 55 66.2469
7 30 59.9435
54 49 81.2387
3 54 40.3608
29 58 30.4232
20 43 96.2669
38 20 56.0158
2 26 15.8839
32 49 57.6201
29 5 17.9734
29 18 61.5186
21 40 92.2747
47 26 53.7831
32 37 60.8388
12 46 5.63014
27 54 90.3326
60 42 55.671
53 29 35.5468
34 14 64.5894
41 55 33.6256
46 59 46.6772
0 21 36.8619
59 8 40.625
4 20 86.1522
37 48 90.7112
40 30 74.7322
3 23 71.1339
33 46 32.9224
34 3 62.7416
44 51 98.9355
61 16 87.9624
5 52 84.805
3 20 13.3933
40 8 80.939
13 44 27.5198
54 50 69.155
53 39 78.9785
52 10 34.1705
36 18 34.5686
44 57 20.6776
28 38 9.13535
50 57 0.136754
13 16 70.9079
38 44 9.8496
13 46 97.6377
40 59 72.9895
54 34 50.2822
1 62 12.847
29 7 99.2041
61 21 69.7036
55 57 94.5583
59 37 54.4826
63 2 57.7036
19 21 90.7102
11 54 29.0225
14 37 15.0661
47 60 67.0099
54 38 49.5797
10 50 82.4577
44 50 70.0236
16 6 56.1743
14 54 3.33633
4 41 4.91749
26 33 77.4722
23 20 54.6408
15 9 31.6459
31 1 20.507
10 62 12.0088
53 42 73.3739
7 18 89.0661
51 61 64.4766
1 16 16.0089
0 19 38.8022
41 37 17.2495
56 13 1.72262
25 40 16.5867
15 50 32.9341
59 38 60.3587
16 31 60.3125
45 17 33.8458
6 41 82.0777
37 12 47.3041
58 19 75.0568
55 19 14.2332
57 18 1.72063
55 9 26.7306
55 18 35.1441
35 12 27.6491
55 29 45.027
36 41 32.3596
33 63 43.6185
44 41 32.8277
26 58 61.2119
2 18 96.6037
35 47 95.5254
3 33 69.1231
50 7 93.199
47 52 27.429
21 60 43.4144
21 2 59.8203
33 10 78.0435
33 57 55.9445
51 15 33.5644
6 19 56.7987
56 45 71.2569
38 9 57.9738
45 48 38.3277
5 22 0.891654
38 16 24.6416
13 29 13.6325
61 25 59.8411
24 14 17.2343
55 47 21.7563
54 44 51.4036
23 0 56.8656
56 11 55.0361
10 56 29.4054
34 4 37.0079
13 11 77.2284
20 24 77.2398
61 0 29.6939
44 0 14.1249
51 16 77.6783
45 1 1.16331
55 21 69.882
62 59 67.1219
44 32 16.6518
37 40 29.9211
9 28 12.8036
50 30 80.9019
2 5 3.55107
2 17 44.2932
55 28 55.7772
4 30 66.1402
36 31 35.037
32 62 68.732
10 41 50.7095
37 33 58.7031
28 37 37.8403
29 15 51.4117
15 6 74.1391
34 2 80.4778
34 22 34.0606
4 27 81.1964
44 2 66.7851
3 14 24.8564
18 13 73.037
19 49 79.9832
52 13 84.3573
45 3 1.26274
2 16 2.35194
21 33 37.3502
13 62 49.6207
46 32 4.31449
14 21 83.2774
41 18 81.9546
60 25 92.4558
40 42 4.68305
42 43 84.8902
24 55 88.9186
30 15 59.2186
26 6 53.7975
62 54 15.1416
24 52 47.68
0 49 51.0621
10 30 28.5204
47 42 45.3035
10 7 96.7205
19 28 15.8975
58 53 26.2892
43 55 79.8626
17 30 74.4171
10 32 44.3793
50 38 64.9497
27 16 35.9767
29 3 75.6212
40 15 55.8425
12 59 33.7699
38 45 91.4394
23 57 23.6021
55 4 99.3808
24 21 16.7485
14 0 2.38753
59 18 25.1291
9 26 66.8099
6 22 69.6853
22 7 43.1054
10 36 97.9116
52 56 4.37043
29 22 6.36076
23 42 18.0548
37 36 12.3048
40 56 44.0855
5 32 44.1632
57 31 85.0034
62 41 25.2573
22 52 55.1455
12 49 73.6578
58 11 51.5539
30 55 57.0817
16 34 82.4524
24 32 58.5439
36 59 90.1226
61 46 80.2502
0 8 75.8985
59 60 51.4966
62 4 70.497
56 46 61.2206
50 40 29.2578
54 10 48.6259
9 31 91.3617
59 15 46.2099
14 53 40.7423
18 39 80.3829
22 56 64.8107
16 23 0.999922
51 20 87.1759
34 0 0.95186
30 59 91.5431
12 40 17.3202
17 50 12.8337
41 29 67.8857
22 36 33.4983
34 15 79.8721
45 42 69.1978
10 5 59.0644
48 24 11.8492
29 52 19.0978
57 45 8.65702
36 39 16.9813
48 56 70.1684
14 22 29.4232
18 51 81.4006
9 5 49.6124
39 4 97.6269
24 63 0.206314
63 55 64.1507
7 19 48.6507
3 57 78.9647
9 29 23.2071
8 17 81.0999
26 23 15.7707
1 60 48.488
34 55 26.1108
33 35 32.8217
3 59 18.16
50 16 78.7738
4 48 87.6959
20 48 34.311
60 7 59.0859
30 46 66.0427
60 40 42.49
44 25 57.0991
17 44 4.67003
33 0 96.4535
47 15 85.9639
55 59 65.5182
10 53 86.3009
16 35 5.83902
28 58 75.2665
46 2 85.4212
13 58 49.9925
0 10 85.0431
55 8 16.6328
60 27 90.2484
55 32 42.1146
19 45 83.9399
3 30 55.7398
45 32 99.486
63 29 24.8681
10 44 18.1797
51 33 27.9621
15 8 27.1711
30 36 2.71481
58 9 61.4198
34 13 89.895
30 60 39.4534
25 15 15.5323
63 32 4.97672
3 28 58.9917
9 24 97.9317
51 24 85.0564
60 52 27.6008
56 33 66.3108
58 7 35.0602
54 40 21.1156
63 21 4.86228
45 36 77.6938
20 12 35.8057
56 31 39.4477
7 32 6.21623
0 17 76.2255
4 5 42.5613
14 35 29.3006
58 51 7.76315
49 51 70.9505
1 10 83.5224
35 42 13.2797
31 44 40.7614
28 45 38.003
55 31 92.0522
15 4 83.3554
35 61 87.6202
52 35 59.9429
57 36 15.7621
33 60 53.6542
31 32 2.96439
0 30 99.9263
9 17 26.0673
17 26 50.5008
63 36 46.7387
49 22 29.3508
15 60 74.3943
33 19 19.8828
55 45 63.9455
34 44 21.3917
50 55 83.8824
20 35 9.90106
19 57 26.3897
35 46 2.64361
57 8 96.9552
18 23 34.6557
30 34 6.68777
20 50 27.934
9 43 13.6374
9 61 41.8716
29 11 59.3645
30 24 28.0486
45 30 73.0842
45 2 18.4031
36 3 95.8209
32 13 34.6381
46 39 43.2687
48 33 73.5665
35 18 60.6295
1 39 91.4503
59 61 61.0814
8 50 18.3956
16 10 43.1892
53 16 51.5679
36 51 90.7376
61 48 91.0957
51 50 91.8667
15 39 53.966
14 42 46.8486
32 33 49.2968
45 0 17.3364
10 37 91.8233
51 4 93.351
22 0 97.9834
58 30 34.3992
47 54 82.8945
2 28 73.7236
56 0 17.0786
48 26 28.7086
21 45 11.8821
25 45 50.4914
20 60 90.5936
32 9 12.193
53 32 38.1416
44 11 52.1336
56 53 26.4415
7 52 11.501
43 14 98.5867
22 51 98.7955
23 46 33.3584
49 20 31.3762
44 8 42.5298
15 62 90.1686
48 63 40.9907
12 25 54.0215
11 33 54.4859
12 19 97.24
48 23 14.5327
16 40 25.7138
28 33 69.2426
26 14 76.3805
60 39 9.89062
58 22 33.9327
15 1 94.4113
13 55 85.8169
22 62 9.78792
19 56 77.902
9 44 57.4911
40 20 92.2902
58 45 28.8646
21 48 23.2384
28 61 84.2822
53 13 87.2621
60 17 99.8338
53 35 27.9024
50 27 2.07656
42 13 81.1557
11 1 46.0724
0 11 81.4577
38 11 41.6488
48 44 56.9509
9 11 1.10377
4 57 88.3102
37 3 94.074
51 62 96.553
33 9 49.2096
40 10 28.2117
1 5 47.4247
62 53 0.664789
19 38 4.31735
42 54 92.6347
3 44 67.828
54 46 28.0934
34 1 72.0072
53 43 71.8195
50 1 29.6433
1 54 75.1332
43 31 91.1887
39 2 34.196
4 32 77.2155
6 42 64.2036
17 36 70.4038
30 42 19.6217
50 14 75.161
11 63 8.95585
29 44 65.1238
22 2 95.3092
48 42 28.0145
6 61 62.7221
42 39 8.59443
62 2 52.6541
34 60 0.21581
41 63 42.7702
37 23 6.99938
35 29 88.2111
6 29 69.1431
7 44 39.8266
31 12 81.2369
49 48 48.014
24 38 48.8572
62 56 26.9629
6 21 5.62619
7 0 21.5591
50 21 44.3679
59 53 84.3892
9 34 29.647
8 39 2.62639
60 12 0.0425542
61 34 33.5607
17 32 98.8521
24 5 38.2771
19 61 87.4655
41 35 31.9615
1 51 14.2617
42 9 36.855
2 19 85.0566
3 43 40.949
51 0 44.3784
52 39 21.1517
23 56 90.4875
18 40 29.342
36 20 92.7397
44 56 95.2178
8 32 46.9534
38 32 6.24647
9 3 71.3355
23 5 71.4556
37 1 9.80398
36 0 77.6335
34 23 51.4413
24 53 83.2694
2 59 69.4834
18 1 47.0074
10 29 84.3987
27 32 31.4899
2 52 81.5686
54 45 77.7191
63 0 14.301
57 38 56.3616
63 31 75.8341
24 3 91.6418
34 53 72.2144
40 39 46.4447
27 18 82.9293
32 42 95.3704
16 22 24.0456
55 10 43.5319
7 6 49.3188
53 15 23.2763
28 8 2.86879
25 36 28.8553
11 5 82.5943
29 40 37.6568
12 2 80.3819
48 16 14.9542
27 57 12.6219
39 0 88.8728
36 15 93.1199
49 53 81.4318
45 18 99.2084
23 17 39.7583
49 9 88.2599
11 36 30.743
7 51 21.9782
23 1 73.5238
53 60 87.7083
0 43 92.2785
7 49 99.5053
0 28 49.2753
46 40 17.235
41 30 46.6451
13 12 82.5663
43 56 78.6078
63 13 30.1816
40 53 56.7379
42 63 92.6136
60 58 26.6257
42 2 27.5208
28 11 36.8293
35 39 77.8374
10 63 37.6548
60 38 2.54001
56 4 60.5076
6 52 22.4966
32 23 94.9708
53 26 81.755
49 39 13.1732
6 10 30.4178
19 59 92.8605
47 36 47.2382
23 39 75.5652
8 1 24.0536
28 62 81.4297
42 59 17.4443
48 3 76.7818
36 4 90.4754
18 32 96.3454
50 41 81.8476
32 11 22.0394
17 19 95.5354
40 14 13.101
60 16 22.475
5 18 33.0611
45 8 12.0998
54 33 86.1094
58 17 79.9112
58 43 70.2849
47 50 13.7822
42 19 8.23968
28 36 87.7638
52 11 17.1468
38 26 10.1718
6 58 70.4267
45 13 63.5866
46 63 6.51353
8 43 99.942
38 33 71.1329
51 59 75.5233
57 43 86.3207
49 43 32.7935
51 23 20.052
50 9 24.04
0 16 50.5494
13 0 88.1824
20 1 35.9158
16 36 54.8044
3 46 15.1644
30 48 84.4205
15 43 87.0142
43 36 27.4433
26 3 60.1018
48 31 80.4855
14 2 92.3454
47 22 21.6182
19 16 69.3918
44 59 86.9024
45 53 97.2965
12 42 27.4287
33 18 26.3353
58 31 43.6281
7 37 26.6543
12 62 89.9513
44 30 15.1088
53 6 30.175
22 17 97.6207
55 15 53.1074
12 51 10.1839
61 24 95.3501
37 52 9.18088
12 21 59.1279
14 45 21.0228
39 54 1.89507
6 34 99.9232
40 47 19.5276
22 31 39.9128
15 33 60.7182
35 3 16.6461
58 3 60.8624
63 37 71.7932
22 24 29.4259
20 55 69.5241
20 61 67.0485
54 56 10.5253
8 63 38.1964
37 2 49.323
26 61 60.0255
50 4 91.0875
29 51 51.8878
27 7 35.1482
28 12 9.48744
25 24 87.7812
53 52 83.3842
59 21 87.6331
22 19 7.05874
17 27 37.4352
41 9 27.5758
60 55 97.8589
10 4 59.3567
14 39 5.91714
38 40 37.2572
31 39 51.6118
37 55 3.17373
35 2 85.2996
62 39 3.99347
42 17 61.6008
24 27 86.3933
22 61 11.934
52 54 25.0092
32 19 20.023
18 9 46.8139
18 11 60.9721
33 27 33.0114
20 19 11.081
15 22 69.852
48 22 77.7586
16 17 25.5804
7 35 51.4587
37 51 20.9127
4 14 17.3503
1 29 75.8414
30 57 97.4215
49 4 28.0855
44 61 4.85912
38 30 46.4492
44 12 76.1605
59 54 46.3867
5 6 32.2385
5 20 34.2971
30 21 16.123
11 30 24.5937
42 37 13.6296
44 37 1.63501
21 54 94.118
42 46 24.2887
24 18 15.9785
28 18 99.3966
23 9 74.1836
40 57 11.5276
4 43 38.5592
46 20 23.8516
32 39 30.512
28 13 51.2538
63 50 2.63136
55 49 39.84
24 6 14.3574
35 60 20.4686
56 38 39.6815
43 1 26.5903
7 11 81.4688
6 4 0.204705
35 13 55.497
58 49 21.2856
2 48 64.7912
26 21 69.4551
49 26 77.8884
33 61 34.5088
17 13 7.49894
3 8 12.9887
23 27 8.49026
36 29 22.1967
10 15 39.2755
6 12 86.0382
0 15 92.2588
35 17 18.2658
56 29 2.61013
35 31 42.4083
21 23 18.9423
23 29 91.2346
2 1 83.7099
48 29 64.3542
37 8 31.2193
31 21 27.7078
0 26 85.9792
7 20 1.05053
57 0 60.7021
20 9 78.6565
44 63 61.605
15 26 20.3867
61 14 54.3947
21 5 99.6717
29 14 20.7222
62 11 92.9382
54 30 2.4198
