32
26 4 81.506
28 26 69.0505
4 31 40.3821
29 7 84.8481
20 9 36.0905
3 17 22.9517
8 6 50.4834
17 31 12.4896
30 31 8.25701
30 5 5.11822
23 31 85.4333
3 15 63.9516
25 9 93.5729
4 0 7.82118
13 3 58.0187
29 20 77.0704
25 28 90.8685
30 16 55.7131
20 25 88.6301
1 11 9.40642
27 6 31.7489
29 21 72.8461
21 12 39.0943
24 23 42.0108
23 15 4.205
12 13 67.0847
20 5 30.6603
5 9 80.6677
22 25 50.1027
1 10 88.9783
8 27 34.3328
1 4 66.8216
3 31 38.1819
26 22 82.8956
4 10 0.854117
24 30 96.8009
15 1 48.5223
21 14 74.9572
4 12 99.646
6 24 58.1148
1 25 98.2832
1 5 95.2475
13 15 90.6417
14 15 21.4831
22 29 79.4625
24 25 20.5991
8 22 86.1469
21 0 98.537
20 22 51.2858
3 14 51.6447
15 24 43.6722
30 18 23.8191
10 28 82.059
18 25 38.6223
7 0 9.1051
24 26 21.2828
8 26 6.44214
22 13 29.8394
28 13 13.3974
17 5 68.8051
4 24 25.9762
4 7 62.2623
8 25 5.4943
26 31 10.3552
8 10 34.4359
26 9 28.6049
29 6 55.3149
11 29 60.1357
8 30 95.6448
19 24 86.8488
15 31 92.2981
11 2 81.5685
26 25 60.2141
18 19 37.4918
17 23 87.9205
9 21 48.2972
24 12 1.55524
24 17 77.7823
12 6 13.7813
18 16 21.8991
2 12 72.2242
24 11 15.5173
29 30 0.821341
4 18 24.6903
12 15 13.0903
12 0 97.7155
23 10 1.32685
12 5 54.0759
29 25 72.5289
13 9 66.4646
27 16 23.7348
19 5 67.3076
3 19 16.6621
15 8 61.3632
10 20 98.1143
16 22 6.66367
22 23 8.05664
31 14 46.0913
23 2 67.3191
16 29 35.1007
17 4 61.0071
16 26 60.5222
14 17 64.754
14 2 61.2159
27 14 63.1092
15 30 30.422
31 0 11.7186
1 24 83.9084
11 27 98.2549
21 2 17.2863
11 12 88.3225
21 13 0.551978
23 29 49.8976
4 5 21.699
31 8 93.9645
3 4 53.4893
9 4 55.1026
25 27 34.2469
2 18 81.769
20 17 16.5743
21 27 62.382
17 19 61.1833
14 11 36.739
6 16 28.4872
24 7 82.3995
1 3 30.2321
8 5 74.7625
16 7 50.0718
26 13 38.0893
31 1 52.869
9 30 80.3149
7 15 1.41615
17 10 9.04633
28 11 11.8094
3 5 65.8134
24 28 13.9148
7 8 67.8959
3 7 76.2085
4 15 91.4857
30 20 20.6969
18 24 29.8825
1 13 50.3514
7 17 78.9324
26 10 23.3755
1 29 45.6517
5 25 66.2131
20 8 88.459
23 4 64.1812
20 15 6.83364
14 12 84.967
17 22 63.4308
9 23 87.3899
19 6 45.6366
25 21 94.683
10 5 28.0437
11 20 80.8564
12 29 38.1571
14 24 7.67076
9 15 64.0394
29 13 30.0011
24 9 22.1243
3 16 10.5232
12 16 5.77554
27 26 70.2905
11 25 83.9772
17 12 45.2702
4 25 55.5055
6 17 34.9605
30 11 94.2
7 28 80.535
0 17 34.1691
12 19 5.72744
15 6 26.9412
17 9 18.8277
0 15 5.24354
28 6 27.9546
14 7 95.7801
7 25 75.3052
9 2 47.5609
13 20 40.669
5 18 67.068
28 23 31.8388
31 11 61.439
3 22 43.8576
13 4 91.8227
19 14 35.0358
8 1 66.4794
19 25 46.0805
22 5 52.3873
7 26 41.2204
3 10 13.4642
10 13 94.7122
13 25 78.9855
2 31 94.789
0 8 42.6698
23 3 46.0436
15 11 42.3887
18 9 37.0184
7 30 0.523589
14 6 33.6728
30 19 28.4257
7 12 48.8436
12 20 4.33676
11 4 85.153
31 24 55.9088
1 28 6.81462
28 30 16.3311
29 0 52.6236
3 24 62.3054
4 27 32.8805
23 7 24.0225
20 0 34.2104
28 12 50.6128
22 2 73.1013
0 13 85.9157
16 8 83.316
28 8 57.2399
19 29 70.7759
19 15 60.1091
27 19 15.815
25 15 17.3385
5 7 97.682
7 10 16.1843
28 16 55.9798
0 19 8.37602
31 7 47.2152
16 10 24.4276
15 10 39.5294
1 30 68.7293
21 17 8.43561
1 27 56.7595
2 29 27.6373
16 21 27.8957
3 9 36.6973
26 2 70.1398
4 6 79.7172
13 7 91.169
4 2 1.1825
26 6 93.9361
25 12 22.969
12 27 87.5298
13 19 68.7073
21 5 62.5932
20 16 3.66808
13 11 77.802
0 26 78.635
31 9 96.9414
10 19 66.0982
23 5 2.08952
13 18 75.5098
30 4 68.0083
9 22 51.7653
3 21 16.8303
7 22 99.0334
26 21 72.4805
4 28 17.7933
31 21 6.68221
1 2 43.7027
28 2 79.1752
14 16 63.0586
20 7 21.6466
13 23 67.3615
15 28 88.7526
18 7 91.7499
18 23 55.1678
26 17 90.7602
31 28 37.1196
11 6 6.38212
18 29 26.0178
3 11 63.7231
29 27 74.5646
8 21 48.1091
0 1 28.7551
13 24 28.7509
5 15 2.18275
5 13 72.154
19 31 80.7776
20 1 50.4888
16 2 50.7914
9 10 67.7296
20 31 35.3552
13 16 80.2387
26 23 43.8357
30 10 68.333
10 21 20.5807
19 2 11.5494
2 8 66.4953
8 14 95.7639
15 16 15.4198
4 14 33.5553
3 28 52.0145
24 20 31.8292
1 21 7.22842
19 22 66.8348
15 2 54.4148
9 27 14.6785
16 0 50.0069
7 19 27.8004
22 12 79.6832
31 29 65.9416
0 14 39.3495
31 10 54.2227
7 1 97.5218
23 19 28.4095
9 6 88.1301
10 29 97.6196
27 24 29.2537
0 6 57.4579
28 9 82.7716
29 17 72.7197
31 13 69.3103
28 20 87.931
18 22 1.87425
21 24 66.2083
22 11 41.7983
6 13 52.1801
11 10 50.5062
27 30 25.4766
6 20 58.4906
11 23 67.368
30 6 85.9942
27 3 85.9101
10 12 94.2333
26 14 47.2531
17 11 32.0893
31 22 91.2525
11 16 18.3799
26 12 6.24962
1 16 40.7825
19 11 48.756
8 24 24.1313
10 22 91.5068
30 22 12.1196
5 6 48.9817
0 24 57.7449
18 6 48.4302
3 25 25.8426
22 14 27.4132
30 26 74.453
29 5 9.10885
28 27 58.5679
17 28 66.594
26 18 77.0012
4 20 12.5556
6 31 12.313
23 14 10.8805
25 2 88.0548
17 25 44.2896
3 6 94.7476
4 8 55.3112
6 21 66.9417
27 10 96.2538
27 13 65.6384
25 30 57.151
23 25 77.1803
15 21 7.58897
18 20 34.672
0 28 36.2472
3 18 62.2474
12 3 1.94818
18 15 86.3905
21 20 46.3907
7 9 17.7308
30 3 95.5899
11 18 26.7793
3 29 97.7569
12 23 35.1683
0 27 14.2975
14 29 23.2378
14 25 27.2785
23 16 19.2256
21 4 97.0877
1 9 28.7802
25 10 77.1915
10 14 49.1619
2 27 60.5854
21 11 51.6957
11 5 84.2383
15 22 44.7037
12 9 67.8594
2 13 29.9124
11 26 92.3508
17 16 1.04162
1 6 97.4727
8 23 47.7688
2 17 5.80765
8 19 63.1532
10 6 2.63787
6 7 81.3349
22 6 70.9768
20 2 53.4424
19 9 63.9968
22 24 14.9285
29 28 46.7938
20 3 99.6858
20 23 55.7166
0 23 87.5742
26 1 9.43443
7 2 66.9641
16 25 81.9905
26 20 24.2417
6 23 37.4735
6 2 42.6217
2 24 91.2231
31 12 48.0601
0 3 83.9393
0 9 10.3263
2 3 59.2904
8 9 79.507
24 10 9.59332
20 19 26.4889
5 16 23.8321
19 21 14.476
1 17 2.32977
19 4 60.4235
30 2 15.4033
2 0 55.9958
14 20 88.0446
16 4 12.7677
15 17 11.8961
27 17 47.0311
19 26 85.9938
19 1 28.684
13 14 86.5489
29 24 68.0488
24 16 89.5458
24 5 28.7936
30 21 1.16887
13 8 47.7197
18 21 79.6099
20 27 94.2131
31 18 18.2146
0 30 23.0648
9 11 3.23055
8 12 55.8874
25 31 16.3146
18 17 32.1969
2 5 54.8176
12 1 97.4239
16 31 76.8396
11 7 17.0117
19 16 77.9512
19 28 29.541
28 14 34.907
30 12 10.619
26 15 70.8253
26 29 14.7808
4 29 33.0624
3 8 5.33645
17 8 61.606
7 27 65.5669
27 31 45.8895
22 21 51.992
6 25 21.912
14 1 16.6969
30 14 43.2058
18 10 8.68164
27 15 63.9367
23 27 41.4954
4 22 83.1133
27 18 92.3314
11 0 70.8726
7 21 12.8635
1 23 17.9772
10 2 68.9502
9 16 57.9904
8 18 12.8791
3 26 77.7896
18 12 7.68116
17 13 75.9045
28 18 38.6487
27 5 25.0623
21 28 38.7637
18 14 34.3767
28 5 91.8703
22 27 73.0731
18 1 57.8466
0 18 28.7284
8 29 91.1047
30 17 44.3894
5 31 39.9312
10 0 83.9832
15 29 1.74247
21 23 98.3656
30 23 18.0224
0 25 61.4553
8 11 52.9998
9 29 17.655
13 30 71.0359
14 9 6.40957
26 5 39.1145
22 28 68.5697
22 0 49.3361
22 1 22.9935
5 14 27.7558
0 5 66.4512
