16
13 2 38.4879
14 13 41.7029
2 15 39.973
14 3 20.5976
10 4 71.8366
1 8 94.7933
4 3 83.5918
8 15 8.20712
11 15 95.0874
15 1 10.5709
7 12 6.39815
12 4 14.2041
2 0 66.4526
6 1 16.646
14 10 17.6312
12 14 62.0959
10 12 37.0958
0 5 57.371
13 3 16.84
10 6 5.20779
12 11 11.3203
11 7 93.1201
2 4 15.2573
4 13 72.8662
13 11 39.5517
2 5 73.7842
12 15 39.6475
7 0 6.34045
10 7 2.79645
2 6 86.0441
3 12 45.0032
0 12 93.4405
6 7 9.85438
11 10 98.4398
0 10 91.6018
11 2 85.8939
10 1 46.6317
15 9 78.5559
5 14 74.9129
9 12 51.3377
3 0 72.9329
12 13 17.7602
11 6 73.6307
14 6 39.8589
8 2 65.6548
2 12 13.3931
2 3 21.5803
13 15 3.08895
4 5 5.14926
4 15 93.9142
7 15 5.86985
5 1 30.1306
9 8 42.1407
11 14 29.5534
11 4 81.041
6 12 33.2936
8 6 31.6819
3 9 46.7068
6 0 88.4092
5 8 64.8198
2 9 40.9108
11 5 2.52282
6 4 20.1567
13 8 84.2207
1 9 2.54997
7 4 55.9033
5 10 6.64404
8 11 85.41
1 14 67.6397
3 8 34.7879
14 8 8.10755
13 7 44.6027
7 1 32.9412
15 0 5.42395
5 13 36.958
5 6 17.7108
4 1 79.6857
13 1 66.2808
9 10 17.6485
8 0 33.0829
2 10 9.27104
9 7 89.8486
5 3 5.96145
0 1 11.8155
13 6 28.6907
3 7 98.8418
1 2 71.5986
6 3 53.9982
1 3 49.3542
2 7 70.6917
15 10 90.5125
0 14 99.9492
10 8 40.4553
5 15 28.7849
15 3 6.73763
4 0 41.4523
7 14 37.5025
1 11 46.484
4 14 84.8579
3 11 76.3957
5 9 36.4708
14 15 81.8204
1 12 14.2611
4 9 10.0222
14 9 42.17
0 9 17.8117
5 7 86.8963
3 10 35.9635
6 9 99.7041
0 13 5.67047
13 10 53.3692
2 14 52.1886
7 8 39.4566
9 11 33.5849
12 5 33.2266
8 4 17.5669
6 15 4.30318
8 12 20.8947
13 9 85.6515
