64
52 8 22.998
57 53 92.621
8 62 23.376
58 14 11.6946
40 19 10.2136
6 35 34.0802
17 12 8.87126
35 63 3.67304
61 63 68.6223
61 10 53.837
46 62 15.6763
62 61 73.7229
7 31 71.6593
51 19 18.1222
9 0 56.8732
26 7 42.6247
58 40 48.1684
50 56 9.8168
61 32 15.4819
41 51 30.3222
2 23 76.0231
54 13 78.0123
59 43 53.9373
43 25 53.696
48 47 15.7996
47 30 76.9071
25 27 40.3541
41 11 63.8944
10 19 43.6281
45 51 89.3148
2 20 29.9412
17 55 6.06904
2 9 91.2749
6 63 17.5772
52 44 52.0115
8 20 41.6332
48 60 21.1914
31 2 73.9792
42 28 8.94495
8 24 89.2955
13 48 45.4779
3 50 2.58533
2 11 7.16648
26 31 13.7563
29 28 12.5504
31 41 42.4087
50 45 68.0848
58 48 76.4567
51 17 36.8072
45 43 52.4437
0 41 80.5334
45 10 75.4481
41 7 81.6521
29 31 16.9798
49 61 28.8172
36 21 67.2727
56 37 29.7663
51 14 61.8653
1 48 55.2335
52 16 0.684609
52 32 57.3136
60 44 74.0226
26 57 5.73635
27 61 99.1735
37 35 62.7722
10 8 12.8181
48 9 54.0367
14 16 36.0583
51 53 84.0125
63 16 19.1073
21 52 55.9845
19 15 71.4398
0 59 92.2979
13 22 17.7867
58 12 13.8588
54 16 98.6849
61 39 10.2702
49 30 1.69991
63 22 59.337
4 53 3.97965
50 37 72.8058
38 35 80.4331
46 58 55.7318
44 18 85.9792
43 48 12.1951
25 48 56.6253
35 24 78.2094
13 36 75.4113
33 4 69.4081
25 3 51.9515
22 33 60.7016
37 49 58.5904
22 59 11.7261
61 8 19.0733
9 36 42.7217
25 30 50.3441
24 0 40.9072
46 21 5.09146
24 10 31.7042
59 50 5.60957
27 19 19.9695
55 33 33.5197
39 10 44.8573
7 38 63.0905
30 16 3.5686
21 41 89.1978
33 44 75.7465
45 47 67.3397
63 28 24.2844
46 5 68.5267
32 58 24.9147
35 9 69.5745
29 34 41.076
34 63 79.9831
28 5 74.0864
54 28 66.0605
38 6 64.658
31 61 51.9937
62 0 53.2153
2 49 33.1736
62 52 35.254
23 55 93.4173
43 5 7.42535
22 25 24.6477
2 51 98.4999
42 27 51.1206
47 58 67.3856
8 11 74.0318
62 16 72.0515
6 9 25.4169
18 8 2.44629
51 55 84.5585
4 37 12.8675
40 35 53.8154
43 54 83.2631
34 39 91.0136
28 22 8.4607
12 32 35.0706
8 25 56.4895
24 4 93.5325
48 15 69.9954
2 7 92.7719
16 11 2.61541
32 15 58.77
52 26 11.7126
62 3 10.1762
52 57 47.2986
19 60 36.6876
3 31 8.73532
15 31 27.5846
34 21 98.2348
56 57 26.6098
22 23 5.673
10 49 22.6539
56 24 83.0316
13 15 0.132078
17 25 10.0628
31 6 89.3007
14 8 50.8261
31 60 45.3498
61 41 7.61796
36 48 57.8421
3 27 18.6249
15 35 31.5606
22 3 36.8773
52 20 99.4017
0 25 56.5044
2 58 98.3893
10 51 42.5853
41 16 96.4548
46 8 48.8423
28 24 66.6265
35 45 63.0959
18 47 72.6158
39 12 60.1612
51 43 33.4043
20 11 72.9967
24 23 52.2773
22 40 96.0157
52 49 27.3354
42 5 89.0834
24 59 71.8379
29 49 3.94693
19 31 77.8018
58 27 75.8429
31 28 8.10642
48 19 36.7282
6 32 22.158
25 32 1.54593
55 52 20.396
23 50 89.3697
58 41 62.4099
34 24 88.3692
8 51 72.5205
12 34 94.1366
60 22 83.4364
63 60 59.7423
15 56 1.88954
1 35 23.1887
24 39 20.2118
30 13 29.8364
34 19 46.9093
1 30 56.2727
57 14 37.8395
12 54 54.8247
56 12 34.0394
28 14 56.5255
9 10 6.38512
15 14 95.7057
51 27 76.1336
30 19 31.6111
5 59 40.2662
41 27 30.5705
40 11 67.429
37 57 73.2419
43 7 55.1076
45 16 91.7124
10 26 5.14572
8 38 98.616
28 16 30.7496
2 38 10.9344
10 14 96.5445
53 7 12.9175
20 18 93.1475
41 20 31.1147
26 27 37.8027
50 32 35.9597
7 5 61.767
11 51 81.642
17 59 56.2533
15 46 69.2282
22 37 83.0561
18 15 41.4361
61 29 95.7699
13 61 79.6854
38 34 7.55057
14 33 23.5838
12 14 88.8024
25 31 93.7067
26 39 56.2447
10 43 59.8212
19 25 19.4355
40 23 36.4198
9 63 22.1453
56 61 45.045
58 1 70.5763
6 49 0.742543
16 20 59.6761
21 8 8.2616
43 18 58.6296
8 54 86.8604
46 14 96.8494
31 0 14.4702
49 18 58.1743
45 6 81.8823
57 24 9.98003
57 22 34.8998
44 4 16.6603
1 27 21.7162
47 44 10.2094
32 16 17.9222
57 16 14.6247
39 59 12.8093
39 30 67.1565
55 39 21.5435
51 31 63.9853
36 32 31.6246
11 15 37.2435
15 21 15.1766
56 32 16.2873
1 38 46.6922
62 14 38.9519
32 20 46.3845
30 20 79.9977
3 60 19.7766
43 34 39.9794
2 55 6.37897
4 59 75.5119
33 42 95.1729
6 18 29.521
52 4 73.501
52 14 64.0006
46 45 22.5997
9 12 88.5117
33 59 47.5655
62 9 20.9643
30 29 46.6063
27 15 48.0356
5 58 43.7486
8 4 11.2988
11 45 51.7112
25 39 13.237
53 12 34.101
51 25 6.40023
3 17 56.7873
25 54 7.92974
33 58 25.5002
42 11 62.6954
40 32 44.7973
18 52 41.1334
27 22 39.1972
0 52 63.859
62 18 77.8868
10 11 85.6557
23 12 44.2517
12 55 76.3575
31 13 7.57214
21 39 97.616
60 56 11.8325
58 25 78.1537
47 10 38.3273
17 62 93.5583
27 36 93.4949
60 8 73.9152
26 36 52.5756
62 35 25.362
19 44 97.1682
7 42 71.925
47 34 7.04003
15 44 69.3513
52 42 60.5181
8 56 77.3319
63 43 60.2174
2 4 74.7217
35 8 56.3282
56 5 31.8384
42 0 39.422
12 29 51.0431
29 33 37.7834
62 31 77.3066
10 21 5.98486
41 14 57.2816
24 11 46.8507
12 38 95.385
27 46 82.7071
30 56 17.1572
7 45 88.3702
37 15 90.7235
14 30 22.6434
24 1 75.2219
37 47 86.1637
18 4 28.6175
52 34 40.6829
62 57 62.741
46 49 71.2282
37 58 46.2828
6 23 30.1847
58 54 12.9439
56 20 41.6717
16 42 54.9385
38 37 20.9668
1 3 96.9509
27 49 63.2262
20 31 44.2141
10 31 98.9671
11 27 59.0964
38 62 99.1241
44 40 11.097
40 2 44.1736
20 33 19.9852
40 41 49.6996
63 26 16.2964
33 52 66.1471
15 61 3.68774
47 20 50.6375
43 6 27.2725
43 39 76.7274
5 49 23.0134
29 27 57.29
44 5 35.8545
4 17 51.3668
4 9 13.4343
33 17 82.9261
30 33 99.8595
8 29 4.17793
6 56 51.3521
7 33 40.2793
62 60 38.7846
48 40 83.4731
17 61 24.9853
26 43 50.6037
30 18 36.4752
3 42 96.2809
39 44 39.9058
31 4 51.7392
59 14 92.6301
58 42 40.4852
19 54 49.5473
50 22 3.59874
14 49 60.9187
28 43 70.464
32 0 0.480847
14 38 5.37796
45 24 58.7729
63 58 43.062
17 29 77.7462
30 27 95.522
0 29 65.7183
28 49 80.8171
62 20 52.8315
19 50 84.0344
15 2 82.5773
31 46 57.2144
26 30 96.2434
13 9 87.6309
46 38 31.3736
18 12 41.0636
21 58 79.7085
54 48 43.701
0 12 28.5176
56 18 69.0538
37 5 1.48949
5 36 35.2554
58 34 9.41498
62 27 12.6123
57 41 32.8723
60 41 0.373475
0 40 30.5566
49 60 50.6816
1 13 1.80221
37 45 75.2368
41 15 16.2207
21 7 86.4982
7 28 44.3989
62 29 3.39333
34 42 76.677
42 49 26.2965
45 22 68.1256
4 42 80.255
13 26 71.4537
27 53 20.7171
0 53 45.9781
4 16 82.4222
19 37 91.9268
22 20 6.05725
47 7 98.8943
54 60 90.7839
13 41 93.2601
61 30 84.1975
45 40 46.1523
62 34 10.3809
48 41 90.4922
22 46 61.433
12 33 38.6452
53 63 93.9471
60 13 60.3017
55 7 59.3481
29 4 56.0319
21 25 30.4316
53 28 84.584
35 23 25.0115
7 48 28.4805
13 40 95.1426
31 49 66.3318
26 59 69.91
48 62 60.2258
22 12 12.2859
49 8 65.6463
62 44 22.3976
54 6 30.9934
53 33 93.4217
23 33 33.1644
3 55 28.5884
53 25 18.8197
55 42 89.3935
4 47 10.0683
2 33 16.2064
39 22 28.6564
47 9 83.7877
39 37 35.4826
60 2 30.6832
17 48 53.5762
58 15 86.5176
20 44 99.0833
55 22 14.0169
14 47 2.81781
35 43 26.8298
60 45 70.9532
32 28 7.95258
42 1 90.5157
9 21 38.4762
40 17 86.5829
11 12 36.866
31 27 11.9169
29 25 77.7016
56 49 95.5275
41 25 11.5811
57 51 44.0901
0 48 43.367
44 24 87.576
37 13 66.276
6 50 86.4952
14 20 34.6997
21 42 35.5151
44 28 30.5012
61 53 63.1146
59 10 21.3795
56 55 86.4549
27 63 8.19545
30 32 2.09917
35 56 91.2717
53 37 7.68203
9 40 8.81964
12 63 37.6714
26 40 53.6274
47 28 14.9194
52 1 55.3117
50 5 3.40969
34 50 87.3671
5 47 78.225
7 12 46.9721
8 16 32.7245
12 43 63.2236
31 11 81.7476
3 6 66.5959
54 20 17.3619
35 10 45.8733
59 1 67.6118
44 53 93.4346
52 9 87.56
56 9 16.988
63 19 75.7155
0 2 24.4285
55 26 22.9626
39 50 70.2086
33 1 35.8944
51 60 6.05451
57 17 36.3164
36 12 59.8797
47 51 26.7443
31 42 76.558
36 40 33.7303
57 46 40.1385
1 57 8.69606
50 49 72.0966
35 59 45.156
6 37 54.853
25 7 45.4664
37 30 80.6612
26 54 2.90355
8 13 14.6416
3 40 63.7102
54 2 85.2544
28 39 5.94588
31 23 29.7358
4 3 16.9196
14 31 1.26378
41 12 68.468
62 7 43.3527
26 12 55.4567
43 2 71.58
43 40 0.603583
14 18 87.9984
27 44 28.8085
47 31 65.6043
23 28 37.6612
63 7 56.0525
53 54 14.6493
25 55 10.6167
54 17 7.45336
10 13 52.8154
60 36 46.0743
24 26 3.93928
25 13 37.0394
53 5 6.53821
60 6 82.4558
42 10 72.646
11 39 53.7536
23 36 47.5769
10 3 81.7516
7 59 25.6675
9 46 46.0381
25 47 56.0086
25 4 1.40338
1 55 68.1554
28 59 0.49832
29 50 47.2485
47 32 16.6227
46 11 26.4841
42 8 36.5939
3 19 54.3761
26 18 71.821
51 21 37.4878
20 29 15.9424
56 41 31.781
26 1 27.8771
4 54 43.1284
43 22 64.4939
21 3 14.8331
23 11 28.7204
50 42 37.3878
11 21 32.1931
5 57 98.9021
3 7 15.5417
18 63 11.4901
45 34 38.7663
31 45 97.2172
57 63 89.5733
25 18 14.2478
4 26 88.7767
24 29 0.747418
23 52 39.3613
26 11 55.9407
63 3 67.5458
34 33 51.1247
2 13 25.2214
54 57 16.7867
11 43 94.9988
21 29 86.0793
20 6 62.4682
16 47 2.24208
8 47 20.6948
5 35 51.7424
60 11 10.9655
17 38 58.6571
22 8 56.585
20 13 9.54729
49 57 27.4333
23 4 15.3564
12 15 7.11653
0 3 52.1095
25 28 15.8449
58 0 7.60965
45 12 4.95203
40 5 64.5247
39 19 68.0884
59 29 68.7359
1 63 78.1756
19 18 99.1335
2 29 80.7365
32 60 30.7515
48 35 26.5054
5 8 7.66292
5 45 89.5899
49 59 59.9331
57 34 60.7986
40 6 39.021
42 18 1.44008
17 47 84.3402
51 42 34.4029
21 38 2.52604
45 33 53.3665
41 46 28.7782
15 45 62.7763
58 50 81.5283
38 18 44.6737
49 35 50.2155
56 3 81.1106
25 49 68.5093
17 21 14.4828
15 38 67.9049
0 47 97.4829
25 6 91.5111
12 8 83.376
38 31 74.9793
24 46 34.0101
53 3 10.3938
15 5 61.6239
32 51 32.5528
62 43 30.3756
43 41 82.2869
53 41 8.92188
13 47 26.5672
60 37 52.1526
56 47 62.8654
62 47 82.5292
53 55 48.6129
23 44 76.3927
43 13 61.864
38 49 94.7639
23 25 86.998
13 5 33.3547
33 13 18.9476
62 24 38.9738
19 41 20.6709
37 31 15.0413
54 9 99.8832
24 50 33.3704
0 6 16.4389
0 18 55.3679
25 33 39.608
12 5 55.0294
4 7 1.43267
18 50 16.0421
17 18 17.6075
39 38 11.7089
58 61 57.8942
14 27 39.855
5 48 74.7076
20 27 83.1383
3 41 98.7159
39 7 18.5001
34 59 46.2434
22 11 50.0786
63 51 58.8182
54 31 12.6314
39 17 50.5594
53 2 86.4628
48 28 53.3508
48 39 76.6646
34 20 46.3984
49 44 56.4354
31 8 33.086
61 5 38.9569
5 0 0.0740476
2 27 49.0138
23 41 57.7537
4 46 88.6904
50 33 69.5448
30 6 90.5048
28 40 8.36562
33 8 49.8389
7 9 24.7157
38 10 52.9227
1 12 85.7969
21 13 90.9701
5 16 68.0245
13 57 57.8598
30 35 97.9268
60 4 77.5785
62 45 2.90571
55 35 66.1395
58 10 62.3163
52 63 46.9657
34 10 54.9398
58 16 21.9768
10 25 62.3601
1 4 60.259
50 62 63.8513
46 25 18.4259
47 39 91.1609
37 9 19.751
36 24 27.3813
38 48 86.1992
6 55 45.4856
46 43 12.5649
33 36 16.673
38 3 64.558
21 62 16.4867
23 62 43.7318
35 32 59.9805
27 28 61.2605
7 61 32.0894
1 7 73.7482
41 38 14.8561
61 36 30.3279
59 48 34.7347
29 26 4.29677
15 3 85.4056
48 32 83.5508
48 11 48.9554
47 33 36.9308
43 30 79.1579
13 23 66.1339
6 8 14.658
52 46 89.572
57 58 31.9855
33 6 27.4099
44 6 87.2952
9 25 99.7898
61 42 36.4282
34 31 83.4353
43 29 19.9039
51 26 79.1344
47 6 79.7797
34 18 65.6613
25 20 86.5753
26 16 54.3673
11 34 42.0853
8 41 38.6681
57 59 52.3761
38 58 82.2232
60 50 67.6985
58 36 59.5335
15 28 85.9258
36 14 78.1641
22 4 17.4552
36 42 98.7675
49 41 94.2439
57 25 78.8254
21 20 18.2736
43 50 85.2921
1 32 57.0581
24 60 48.5613
12 3 62.1419
40 55 87.3756
54 22 87.8074
17 41 33.3847
59 11 0.481965
36 46 20.5317
20 53 58.2404
62 36 49.4357
17 11 46.4703
1 61 3.1209
21 16 65.8364
56 59 82.7574
7 14 70.1105
19 23 26.4257
33 5 90.0988
7 40 67.7499
18 46 11.0512
26 42 79.3864
16 24 51.0042
31 40 68.1844
14 1 37.5789
59 58 65.0759
50 52 32.5734
13 39 23.7342
6 36 56.0364
34 17 47.7403
42 15 31.4972
9 51 93.6419
25 63 23.3287
27 34 24.1104
41 5 46.0957
39 51 20.9114
28 4 78.8949
16 43 27.2472
51 56 49.6351
61 57 77.5817
63 40 50.593
2 8 33.1411
59 13 11.9924
4 11 60.3075
24 2 24.1098
0 60 18.4015
56 26 94.4042
33 62 8.74589
35 21 17.0548
23 15 30.8915
3 18 65.7749
52 43 23.0878
39 33 86.1283
19 26 90.9187
27 48 43.9597
46 37 93.6884
43 37 29.945
51 5 3.18788
10 46 57.5985
58 62 59.3647
30 22 38.0382
39 56 4.38175
57 29 22.9746
45 26 42.4903
27 13 25.2941
14 19 52.1581
1 53 22.6676
13 49 84.0339
57 2 90.1259
4 45 62.503
32 14 46.539
53 30 25.5205
58 39 38.4984
52 15 90.4691
17 49 21.1143
52 59 76.7301
48 12 55.8532
12 57 56.2666
41 2 25.094
44 35 89.7154
40 49 95.1968
50 11 36.8079
8 58 6.03119
36 8 33.7731
41 45 42.7494
49 21 61.8855
8 7 84.6169
16 46 8.68954
11 53 52.2995
38 25 37.5498
49 47 56.5139
22 53 18.7381
57 35 13.9968
30 62 81.0527
36 35 81.3611
8 26 72.3248
0 20 52.7207
8 53 67.4674
47 11 61.0861
14 55 91.3981
45 29 25.5766
37 34 82.0961
42 20 42.1767
3 11 54.8725
22 35 0.852636
15 24 1.55416
54 63 45.5739
18 16 9.46864
46 26 76.8907
8 27 51.4758
53 46 35.0375
37 18 95.2483
23 54 66.2974
31 50 84.3061
56 63 31.0855
28 1 93.5012
61 2 30.5936
38 42 97.3413
62 37 68.8859
44 43 37.2526
43 23 69.4767
13 51 32.0901
55 5 62.5579
1 41 78.3248
23 14 71.2438
46 17 21.2222
21 22 33.0003
21 56 95.9152
39 6 87.385
20 59 93.0233
50 25 21.7849
46 47 36.5729
46 50 86.3484
40 34 34.4912
6 57 30.8073
35 19 69.2682
47 12 39.0716
51 46 71.6604
34 56 56.2342
13 4 80.0343
25 34 71.1443
9 53 59.3671
8 30 64.8533
4 35 9.7175
5 17 33.868
38 47 55.9509
23 10 10.5485
49 15 4.309
19 9 58.151
60 29 75.7632
62 26 25.9369
51 28 65.9648
57 39 63.8682
35 51 59.9459
46 44 9.15235
24 41 22.6995
8 23 58.8142
27 59 71.3714
47 53 96.7828
0 54 72.4502
63 23 81.5684
62 55 34.4218
62 42 84.0054
58 4 3.27508
32 26 43.7136
29 42 84.3616
38 51 45.4609
41 26 77.03
5 63 26.2977
46 55 50.9647
54 29 67.5746
63 15 70.6963
12 50 5.49847
58 35 79.1174
9 57 30.3726
6 13 33.0669
7 57 34.6136
10 18 91.3675
28 26 68.3155
20 17 57.6705
9 45 83.5735
25 52 28.7909
23 53 64.5924
41 39 26.6865
55 36 22.7181
59 45 89.0178
28 56 70.6802
22 1 36.6101
21 43 88.2614
20 28 15.0015
6 28 48.706
46 7 94.6328
26 20 35.8272
57 15 65.0835
28 60 22.7701
26 25 98.2215
9 8 84.2669
60 10 19.3834
58 20 1.98405
4 19 82.8743
5 34 18.457
2 6 49.3802
54 15 51.4683
36 50 59.0779
32 43 86.7232
21 37 4.48906
4 0 61.3706
56 36 56.4458
27 47 71.0025
52 17 63.3544
25 59 95.6966
59 9 49.81
32 3 48.357
39 45 5.96236
52 40 1.75188
61 11 51.5163
44 26 13.4288
46 0 5.31949
22 18 85.6092
33 41 84.3632
10 48 64.4891
35 28 59.4673
44 55 64.8092
27 6 69.1019
46 19 44.236
23 30 64.7227
29 37 82.2818
24 19 62.344
49 1 28.4832
46 34 95.3858
60 46 51.1752
50 35 17.6944
6 14 60.7408
37 24 47.4905
14 60 47.0847
53 31 84.2404
1 6 52.5777
55 61 49.6963
42 24 87.2852
32 29 76.2405
13 24 32.0066
42 57 17.9877
38 0 90.3973
9 1 69.1622
1 0 15.6854
53 38 91.4425
33 24 36.6036
55 11 16.2657
6 17 98.5735
33 16 42.8096
58 56 55.652
6 51 4.18519
48 46 39.9063
42 56 22.5746
33 49 68.157
60 9 66.615
28 46 63.518
28 17 87.1345
35 34 46.0532
55 58 34.4728
26 35 7.21074
7 23 2.72516
28 50 4.03776
36 53 90.5283
5 25 82.4199
59 23 47.1062
38 27 47.1098
52 19 91.0464
39 27 2.52336
33 31 32.798
7 15 20.5071
24 12 69.1104
39 9 37.789
7 17 1.7448
61 38 34.0339
57 60 51.2347
9 30 14.4222
24 43 33.1814
27 0 92.492
1 47 33.6112
27 37 4.92351
48 53 95.3346
43 17 9.96885
45 20 75.0505
49 24 99.6274
57 10 33.3924
54 55 39.4691
38 43 63.2833
58 23 73.8355
58 18 41.5546
21 44 93.376
2 30 57.65
34 51 4.87358
45 61 95.9501
11 6 97.0429
12 30 61.5848
25 14 10.6859
35 27 15.0578
17 24 13.4378
59 63 83.8271
52 41 46.8159
23 49 72.6165
14 44 75.6011
24 40 10.8846
21 28 71.4837
60 18 16.1352
34 48 17.19
51 48 29.701
7 36 25.2256
19 47 42.3582
26 5 56.8832
55 27 52.8414
36 44 66.5201
21 53 27.5097
40 62 33.1872
13 3 82.7956
34 28 6.9667
0 37 79.2785
33 43 11.4544
32 41 27.3748
20 37 67.5408
54 7 61.5694
61 3 54.8527
21 18 10.1551
35 11 42.4413
27 12 66.9963
32 21 88.1566
32 59 34.7397
2 25 7.84371
10 17 66.9496
5 27 78.8441
55 0 29.5302
52 36 88.1064
17 15 68.0428
2 36 80.3614
49 3 39.3773
5 31 36.0106
42 41 39.1818
18 54 0.861352
59 47 20.6963
54 61 2.47591
38 23 72.452
16 56 47.6205
44 42 81.9305
63 45 95.0296
5 30 92.6472
32 54 22.5149
3 52 51.412
53 19 22.0673
50 26 19.3143
7 34 31.286
7 24 60.2901
44 45 1.66902
54 51 19.818
16 12 56.3589
5 38 41.0393
60 23 2.82233
18 31 85.3075
52 45 37.9351
25 35 42.9082
52 31 5.47366
43 19 92.5659
13 38 41.9357
20 39 37.3078
36 54 71.9237
3 39 69.8246
28 30 25.3175
50 53 58.8625
23 61 67.45
34 49 10.0866
55 16 61.9507
21 57 41.2395
4 40 96.6598
16 39 92.4708
49 11 29.5345
12 10 5.55505
63 47 34.7939
27 10 38.4048
51 40 6.85654
37 25 24.064
58 44 68.1745
27 40 22.7809
47 2 64.235
43 61 35.712
42 25 98.3381
41 59 92.4103
38 63 18.375
60 61 50.2498
12 61 36.7921
51 3 80.3238
1 19 5.61213
28 57 35.0272
41 34 67.143
8 34 45.8683
40 1 48.2688
51 30 95.1097
45 23 16.6014
37 17 13.2983
52 12 61.7505
63 20 7.03072
1 56 14.8253
31 30 70.6081
62 25 89.2809
37 26 93.1703
24 54 72.2388
14 56 10.8901
38 29 25.0024
48 57 65.1697
52 27 44.7033
1 21 14.6062
1 44 62.4284
47 24 69.3963
63 4 58.8125
25 11 62.5614
54 5 3.84263
50 0 4.37234
46 29 25.6721
19 8 79.7924
1 46 13.3131
9 22 98.6211
45 27 36.0323
2 3 43.6745
16 3 33.0396
3 5 34.4749
36 38 96.0905
9 14 4.88061
42 22 32.7371
16 29 22.5203
52 58 83.5434
49 45 58.1013
1 36 89.0609
21 27 60.1375
17 56 57.7044
37 11 25.2518
48 14 52.6466
56 7 65.4342
22 26 88.5517
25 56 6.00956
61 4 30.9017
2 32 94.0506
62 5 58.3487
18 48 9.25306
8 48 91.8472
57 11 33.3978
52 38 12.4682
39 5 65.105
60 5 89.6138
31 59 50.3911
29 39 51.8206
16 59 53.0925
61 37 11.3231
2 56 37.9124
34 26 77.7538
29 47 76.8907
25 16 99.3544
58 24 28.2511
20 10 22.738
46 6 64.9273
16 49 85.7693
23 47 92.2184
36 19 43.8164
51 52 33.0672
16 9 20.1338
43 27 81.3439
63 17 85.0175
62 19 78.7636
48 6 10.4965
54 41 12.4322
59 6 73.0307
26 60 15.7388
13 7 7.45624
14 63 41.4998
47 43 13.6327
47 41 68.7333
18 53 59.0977
0 35 65.7704
18 61 83.2556
38 22 67.9977
32 34 70.7152
41 22 0.938667
63 39 46.1651
21 47 12.861
48 52 75.8559
3 47 76.3906
20 57 90.6749
54 37 84.1916
22 10 30.5963
17 53 74.6949
22 32 12.8621
13 19 94.4523
21 4 61.1914
14 11 91.9714
61 47 81.5803
28 52 22.3074
14 5 41.6578
50 13 50.9767
19 5 79.385
37 16 78.774
63 62 9.57784
13 14 52.2452
52 61 93.1037
43 60 61.7392
15 16 13.8854
30 52 55.8241
38 55 57.3589
27 9 73.0992
36 49 86.0886
47 57 6.34021
48 50 97.9824
54 35 49.2787
17 31 1.85727
57 32 22.9924
50 2 2.46186
16 7 33.7391
28 10 44.2621
19 29 55.1638
63 49 41.6284
15 20 74.3686
44 22 24.6828
24 31 41.2306
62 49 54.8449
40 61 50.7618
30 63 29.7896
56 27 12.8972
12 4 82.3808
25 1 21.4836
6 62 71.7388
2 10 29.283
61 50 15.3888
33 40 44.9966
34 36 59.0098
44 16 24.0282
19 11 76.0058
14 17 26.3263
41 28 89.583
4 38 89.1583
17 1 10.5813
48 55 58.614
7 30 10.6029
54 49 93.8675
3 54 51.8837
29 58 61.808
20 43 84.9395
38 20 25.0719
2 26 85.5879
32 49 10.2537
29 5 94.7763
29 18 54.6364
21 40 47.7889
47 26 44.2646
32 37 73.0051
12 46 69.1506
27 54 44.5608
60 42 75.9439
53 29 62.1385
34 14 39.9421
41 55 19.7268
46 59 56.7413
0 21 25.0545
59 8 20.5584
4 20 31.7167
37 48 94.3529
40 30 39.2666
3 23 51.2807
33 46 74.9446
34 3 27.6247
44 51 29.8052
61 16 22.914
5 52 13.1291
3 20 95.2928
40 8 74.1082
13 44 68.9421
54 50 38.6221
53 39 70.7873
52 10 20.4343
36 18 65.6922
44 57 23.7447
28 38 77.8967
50 57 11.92
13 16 58.047
38 44 96.2612
13 46 50.323
40 59 19.469
54 34 87.8731
1 62 83.4073
29 7 39.2949
61 21 26.0687
55 57 24.2635
59 37 55.5476
63 2 28.1627
19 21 17.3951
11 54 90.4771
14 37 45.6496
47 60 70.2675
54 38 70.5054
10 50 85.3056
44 50 56.6613
16 6 37.8684
14 54 14.6166
4 41 63.3022
26 33 4.41757
23 20 3.15568
15 9 71.091
31 1 92.0033
10 62 26.2213
53 42 46.9747
7 18 63.1155
51 61 51.9903
1 16 42.265
0 19 76.6312
41 37 69.2373
56 13 33.6217
25 40 12.6905
15 50 62.5985
59 38 59.6772
16 31 32.6902
45 17 76.7831
6 41 31.1107
37 12 42.3035
58 19 64.6078
55 19 67.12
57 18 43.3692
55 9 53.2345
55 18 10.2887
35 12 72.3632
55 29 23.6151
36 41 20.9032
33 63 97.1783
44 41 97.6465
26 58 69.8897
2 18 32.4222
35 47 65.945
3 33 7.22205
50 7 32.6097
47 52 28.985
21 60 1.98219
21 2 68.9969
33 10 57.0473
33 57 18.162
51 15 3.63349
6 19 98.648
56 45 26.4743
38 9 72.0955
45 48 19.0658
5 22 86.0744
38 16 44.93
13 29 78.1177
61 25 76.8655
24 14 73.5842
55 47 62.7936
54 44 74.3694
23 0 31.47
56 11 30.3914
10 56 29.2043
34 4 99.7422
13 11 7.8238
20 24 6.00916
61 0 17.1944
44 0 64.459
51 16 72.128
45 1 18.6064
55 21 8.94486
62 59 8.40246
44 32 91.7812
37 40 58.9363
9 28 42.9677
50 30 12.5773
2 5 7.97229
2 17 64.6455
55 28 57.2144
4 30 4.02952
36 31 83.1772
32 62 23.8415
10 41 34.7368
37 33 54.7793
28 37 77.9889
29 15 25.2499
15 6 70.8339
34 2 11.8874
34 22 59.0942
4 27 78.4279
44 2 37.6994
3 14 37.8515
18 13 39.3825
19 49 5.32628
52 13 42.8309
45 3 17.0262
2 16 42.3026
21 33 12.5001
13 62 21.8924
46 32 91.7535
14 21 49.6765
41 18 95.2833
60 25 3.98697
40 42 35.9282
42 43 56.4816
24 55 19.4629
30 15 4.9143
26 6 35.6823
62 54 87.2281
24 52 65.7141
0 49 86.0025
10 30 27.2891
47 42 33.8258
10 7 57.3596
19 28 97.403
58 53 80.5032
43 55 95.4775
17 30 33.215
10 32 98.8621
50 38 14.3188
27 16 15.7718
29 3 96.9684
40 15 0.291835
12 59 34.5939
38 45 24.818
23 57 41.4853
55 4 34.629
24 21 23.2766
14 0 23.3339
59 18 88.6786
9 26 75.5891
6 22 35.0099
22 7 22.5928
10 36 17.6079
52 56 44.8443
29 22 53.8923
23 42 25.9445
37 36 27.0798
40 56 34.5795
5 32 0.475856
57 31 90.2955
62 41 59.1579
22 52 1.27009
12 49 68.231
58 11 13.2223
30 55 36.5131
16 34 38.8063
24 32 78.0879
36 59 84.0621
61 46 11.9245
0 8 21.3266
59 60 63.5543
62 4 93.5234
56 46 0.351535
50 40 96.98
54 10 48.5044
9 31 37.5259
59 15 78.0417
14 53 98.4863
18 39 8.7344
22 56 12.2086
16 23 54.7951
51 20 76.0957
34 0 74.1581
30 59 57.9362
12 40 80.0773
17 50 62.1157
41 29 86.2373
22 36 48.9904
34 15 9.02969
45 42 22.045
10 5 63.3722
48 24 14.4134
29 52 82.915
57 45 63.5176
36 39 4.67404
48 56 80.2416
14 22 29.5519
18 51 66.9643
9 5 79.1373
39 4 47.1603
24 63 48.5756
63 55 94.4478
7 19 66.8955
3 57 59.1481
9 29 20.3251
8 17 22.6748
26 23 9.08807
1 60 68.3844
34 55 0.496397
33 35 32.0643
3 59 60.0911
50 16 74.8919
4 48 40.712
20 48 99.8143
60 7 51.2427
30 46 26.9733
60 40 62.8942
44 25 93.187
17 44 30.6651
33 0 69.6387
47 15 5.98697
55 59 9.52593
10 53 58.122
16 35 24.5872
28 58 33.4879
46 2 93.4658
13 58 2.71256
0 10 47.9784
55 8 68.8416
60 27 88.2528
55 32 64.7918
19 45 77.9297
3 30 29.3835
45 32 1.82839
63 29 47.1497
10 44 77.0762
51 33 28.8278
15 8 68.5798
30 36 64.1335
58 9 86.7667
34 13 86.7717
30 60 58.051
25 15 3.80562
63 32 62.6105
3 28 21.8816
9 24 11.1147
51 24 74.8646
60 52 21.3694
56 33 11.5712
58 7 3.63698
54 40 54.2423
63 21 44.4545
45 36 38.1346
20 12 32.6581
56 31 82.9803
7 32 28.7294
0 17 96.9727
4 5 49.6452
14 35 5.891
58 51 18.1705
49 51 37.4906
1 10 93.3792
35 42 45.4876
31 44 94.0181
28 45 90.3746
55 31 59.1463
15 4 12.5709
35 61 0.0808616
52 35 89.8424
57 36 90.3006
33 60 59.1167
31 32 68.2893
0 30 10.2037
9 17 7.3851
17 26 84.5367
63 36 99.6384
49 22 48.4085
15 60 31.4457
33 19 57.9615
55 45 80.922
34 44 5.90889
50 55 46.1451
20 35 91.8988
19 57 58.7141
35 46 72.5299
57 8 47.7596
18 23 70.3456
30 34 55.2454
20 50 32.9049
9 43 17.5317
9 61 55.6621
29 11 58.7245
30 24 9.90205
45 30 15.4802
45 2 79.7733
36 3 44.5453
32 13 19.8461
46 39 53.7621
48 33 88.2067
35 18 46.19
1 39 99.4987
59 61 83.411
8 50 3.011
16 10 99.6172
53 16 8.15784
36 51 97.2244
61 48 40.0339
51 50 74.5929
15 39 64.2506
14 42 19.9957
32 33 92.8878
45 0 3.63292
10 37 51.8548
51 4 18.8604
22 0 19.6072
58 30 57.7547
47 54 94.4494
2 28 62.8272
56 0 38.7005
48 26 36.4775
21 45 36.7643
25 45 63.6558
20 60 78.7232
32 9 89.1293
53 32 92.8542
44 11 25.3518
56 53 81.1067
7 52 28.6359
43 14 72.9965
22 51 12.5419
23 46 88.3293
49 20 52.8574
44 8 85.8668
15 62 82.0766
48 63 32.5274
12 25 29.9775
11 33 16.5329
12 19 78.7679
48 23 68.8746
16 40 43.7013
28 33 66.0964
26 14 55.054
60 39 87.5082
58 22 98.6115
15 1 21.903
13 55 68.9781
22 62 50.6861
19 56 97.0137
9 44 0.855936
40 20 9.59658
58 45 79.9709
21 48 89.8092
28 61 63.9659
53 13 5.84431
60 17 21.5128
53 35 12.3318
50 27 5.8413
42 13 63.0726
11 1 26.6017
0 11 37.0104
38 11 40.4642
48 44 31.9572
9 11 51.1802
4 57 79.5694
37 3 31.5258
51 62 30.1705
33 9 34.9629
40 10 60.7462
1 5 66.1678
62 53 46.1972
19 38 87.6686
42 54 29.2593
3 44 22.2817
54 46 83.2419
34 1 7.53699
53 43 57.0526
50 1 76.3654
1 54 7.05081
43 31 84.742
39 2 26.6312
4 32 8.9277
6 42 17.0875
17 36 55.734
30 42 56.0307
50 14 16.6562
11 63 20.209
29 44 30.7224
22 2 49.2369
48 42 16.5159
6 61 72.9367
42 39 93.9731
62 2 95.4996
34 60 67.8996
41 63 76.2368
37 23 49.0953
35 29 8.00681
6 29 69.3031
7 44 93.8246
31 12 57.4431
49 48 97.4474
24 38 26.7181
62 56 60.711
6 21 29.4097
7 0 95.7495
50 21 92.7622
59 53 33.0651
9 34 39.6403
8 39 90.1215
60 12 82.7567
61 34 0.0365629
17 32 19.0814
24 5 48.328
19 61 19.8864
41 35 14.7475
1 51 51.5662
42 9 31.4992
2 19 23.5296
3 43 17.1375
51 0 63.5647
52 39 59.2907
23 56 97.0435
18 40 65.7608
36 20 27.913
44 56 34.8963
8 32 79.7614
38 32 5.36934
9 3 52.3284
23 5 4.7168
37 1 96.5101
36 0 5.58578
34 23 23.7654
24 53 7.1512
2 59 57.695
18 1 1.56755
10 29 2.89751
27 32 97.3679
2 52 15.5013
54 45 73.4797
63 0 42.5237
57 38 75.2386
63 31 78.9797
24 3 3.33136
34 53 79.4843
40 39 11.7606
27 18 84.0134
32 42 26.1303
16 22 20.2441
55 10 89.3358
7 6 30.7393
53 15 97.2061
28 8 37.636
25 36 99.4074
11 5 47.1463
29 40 34.6786
12 2 35.5662
48 16 29.2302
27 57 52.5526
39 0 18.7247
36 15 56.2826
49 53 74.3148
45 18 26.7668
23 17 71.8019
49 9 62.0191
11 36 18.8895
7 51 88.9455
23 1 43.3938
53 60 22.6991
0 43 4.55931
7 49 5.02387
0 28 65.5473
46 40 71.0427
41 30 78.1042
13 12 75.1282
43 56 86.29
63 13 56.3472
40 53 78.5353
42 63 13.5721
60 58 43.3492
42 2 97.7028
28 11 34.7821
35 39 51.7827
10 63 5.53886
60 38 37.3007
56 4 81.9441
6 52 65.3301
32 23 10.604
53 26 27.0794
49 39 0.607404
6 10 72.5287
19 59 27.5042
47 36 66.2818
23 39 94.2771
8 1 55.6932
28 62 67.4259
42 59 8.914
48 3 38.5658
36 4 53.8155
18 32 85.6946
50 41 0.57586
32 11 67.4825
17 19 25.6585
40 14 60.8097
60 16 74.9786
5 18 43.9426
45 8 46.9816
54 33 96.1285
58 17 89.263
58 43 82.2906
47 50 55.6984
42 19 1.04994
28 36 90.2434
52 11 14.1617
38 26 37.5307
6 58 48.281
45 13 17.4559
46 63 58.0618
8 43 97.2982
38 33 29.2989
51 59 7.59638
57 43 43.8867
49 43 1.40162
51 23 39.8265
50 9 53.4594
0 16 13.7305
13 0 64.9635
20 1 95.2762
16 36 85.9715
3 46 36.0045
30 48 7.99354
15 43 83.6977
43 36 99.1587
26 3 4.13357
48 31 18.6636
14 2 42.3831
47 22 58.5292
19 16 7.5638
44 59 50.2503
45 53 31.3815
12 42 84.5929
33 18 94.5983
58 31 20.3699
7 37 85.4503
12 62 23.3661
44 30 17.3531
53 6 38.4574
22 17 53.5884
55 15 77.7771
12 51 29.4889
61 24 23.6231
37 52 90.2872
12 21 21.4185
14 45 8.13874
39 54 16.3474
6 34 78.7475
40 47 93.4781
22 31 17.4408
15 33 86.899
35 3 71.9988
58 3 7.0298
63 37 23.2007
22 24 95.0921
20 55 20.7137
20 61 32.5069
54 56 21.6132
