16
13 2 29.5254
14 13 36.6157
2 15 84.8811
14 3 80.676
10 4 12.6728
1 8 50.3781
4 3 47.693
8 15 48.9594
11 15 78.5111
15 1 87.7049
7 12 99.8041
12 4 35.3142
2 0 79.4468
6 1 44.9444
14 10 2.72995
12 14 96.353
10 12 95.9313
0 5 4.22978
13 3 33.5493
10 6 97.2958
12 11 4.70208
11 7 18.9207
2 4 60.5938
4 13 66.712
13 11 97.4057
2 5 58.644
12 15 69.14
7 0 67.5112
10 7 67.4484
2 6 36.1022
3 12 20.0812
0 12 62.0278
6 7 20.8895
11 10 81.1151
0 10 86.3349
11 2 1.92575
10 1 86.5537
15 9 8.38735
5 14 72.112
9 12 97.4802
3 0 2.01681
12 13 65.135
11 6 37.4651
14 6 23.1238
8 2 31.3261
2 12 40.3491
2 3 49.8305
13 15 12.2021
4 5 72.9183
4 15 26.8439
7 15 71.4941
5 1 25.7846
9 8 12.6015
11 14 33.1665
11 4 80.0613
6 12 15.2234
8 6 33.0787
3 9 34.8008
6 0 41.3694
5 8 12.1658
2 9 32.9175
11 5 88.4153
6 4 61.5412
13 8 9.42784
1 9 31.3907
7 4 93.0041
5 10 78.3845
8 11 39.902
1 14 67.0448
3 8 4.74015
14 8 53.7431
13 7 34.2374
7 1 72.1635
15 0 73.5966
5 13 72.9783
5 6 79.4682
4 1 63.9482
13 1 54.4906
9 10 63.6199
8 0 68.6223
2 10 10.201
9 7 89.3633
5 3 11.4723
0 1 5.47918
13 6 55.608
3 7 30.3661
1 2 46.6963
6 3 4.61916
1 3 74.3604
2 7 19.5477
15 10 9.17214
0 14 72.0166
10 8 79.7065
5 15 72.1753
15 3 54.5638
4 0 87.7799
7 14 97.0468
1 11 58.2433
4 14 20.5805
3 11 7.06843
5 9 90.0786
14 15 92.2745
1 12 73.5117
4 9 80.0372
14 9 78.9972
0 9 28.5947
5 7 39.7483
3 10 54.3663
6 9 90.9103
0 13 98.4776
13 10 11.4585
2 14 71.5678
7 8 14.9167
9 11 83.897
12 5 21.4708
8 4 43.3261
6 15 13.0492
8 12 47.0625
13 9 6.93561
0 11 56.0713
