32
26 4 3.5016
28 26 85.0711
4 31 3.97497
29 7 63.2515
20 9 98.8568
3 17 33.414
8 6 68.6182
17 31 14.0755
30 31 37.6689
30 5 61.1453
23 31 50.4324
3 15 38.5961
25 9 76.3496
4 0 41.173
13 3 4.88748
29 20 18.0208
25 28 72.5928
30 16 76.0392
20 25 70.1328
1 11 60.7677
27 6 45.8891
29 21 4.05979
21 12 58.2295
24 23 28.4168
23 15 33.909
12 13 71.6422
20 5 17.0625
5 9 36.1388
22 25 39.9193
1 10 70.4119
8 27 91.9777
1 4 31.7961
3 31 22.6045
26 22 2.09512
4 10 36.1007
24 30 55.0185
15 1 32.4562
21 14 94.7195
4 12 8.35821
6 24 39.7956
1 25 51.2666
1 5 14.4433
13 15 83.2865
14 15 51.3276
22 29 90.4613
24 25 49.1787
8 22 72.3596
21 0 33.4933
20 22 38.2996
3 14 37.1101
15 24 29.8017
30 18 15.9739
10 28 69.1712
18 25 17.6806
7 0 88.0457
24 26 32.0879
8 26 92.4548
22 13 27.4937
28 13 8.12528
17 5 90.3922
4 24 48.2673
4 7 38.2869
8 25 12.8265
26 31 36.1978
8 10 25.2911
26 9 17.9174
29 6 88.3962
11 29 83.3889
8 30 19.6277
19 24 35.0357
15 31 12.1354
11 2 82.3292
26 25 54.3695
18 19 74.7286
17 23 31.4621
9 21 0.793926
24 12 38.2041
24 17 62.347
12 6 79.1539
18 16 48.2769
2 12 83.9179
24 11 12.8116
29 30 68.0236
4 18 22.2022
12 15 41.6922
12 0 57.3183
23 10 64.289
12 5 31.7824
29 25 21.4081
13 9 3.26574
27 16 61.7271
19 5 11.3157
3 19 67.5191
15 8 56.1129
10 20 60.1023
16 22 57.8832
22 23 34.631
31 14 81.2199
23 2 36.4401
16 29 72.8157
17 4 17.1481
16 26 52.7323
14 17 79.5362
14 2 58.4596
27 14 49.2667
15 30 62.9696
31 0 35.4623
1 24 83.432
11 27 77.5061
21 2 32.1467
11 12 23.6805
21 13 18.3667
23 29 84.4833
4 5 6.50896
31 8 81.6527
3 4 87.4067
9 4 84.6228
25 27 39.3747
2 18 37.0187
20 17 5.84085
21 27 38.323
17 19 2.84306
14 11 86.1335
6 16 93.2079
24 7 46.3909
1 3 86.7065
8 5 57.0548
16 7 79.0165
26 13 69.5307
31 1 12.6884
9 30 96.0917
7 15 20.157
17 10 54.6313
28 11 85.2173
3 5 63.6577
24 28 38.4032
7 8 57.0893
3 7 83.6849
4 15 92.7112
30 20 97.7889
18 24 86.3766
1 13 30.5535
7 17 16.9839
26 10 37.6509
1 29 17.8699
5 25 69.0616
20 8 24.3504
23 4 98.0462
20 15 75.1779
14 12 99.3633
17 22 19.9134
9 23 39.4906
19 6 98.2941
25 21 21.3222
10 5 70.9639
11 20 34.7609
12 29 17.5436
14 24 86.0686
9 15 85.8297
29 13 95.0927
24 9 90.9411
3 16 7.11996
12 16 96.1663
27 26 72.5022
11 25 57.06
17 12 87.989
4 25 56.2879
6 17 43.6026
30 11 17.6661
7 28 51.9799
0 17 51.3679
12 19 40.4788
15 6 54.8472
17 9 42.7906
0 15 16.5277
28 6 83.813
14 7 49.3893
7 25 50.6842
9 2 53.5117
13 20 85.423
5 18 19.8807
28 23 30.2807
31 11 62.3169
3 22 57.3712
13 4 2.63154
19 14 34.7714
8 1 31.8791
19 25 52.6004
22 5 53.2999
7 26 53.3642
3 10 32.6774
10 13 61.5704
13 25 60.219
2 31 76.208
0 8 36.1933
23 3 36.8023
15 11 13.4921
18 9 30.2843
7 30 91.3814
14 6 26.1846
30 19 64.0559
7 12 79.1595
12 20 65.8774
11 4 64.4102
31 24 67.533
1 28 71.7897
28 30 74.4558
29 0 76.5624
3 24 84.2178
4 27 44.5708
23 7 51.6657
20 0 20.4827
28 12 15.1869
22 2 6.34705
0 13 38.0664
16 8 2.56989
28 8 82.1019
19 29 70.5342
19 15 17.1364
27 19 65.5521
25 15 32.9975
5 7 56.8062
7 10 96.6472
28 16 25.8606
0 19 80.6293
31 7 40.7359
16 10 22.2188
15 10 15.1235
1 30 99.9773
21 17 4.35554
1 27 6.37387
2 29 15.9345
16 21 42.5483
3 9 41.1923
26 2 40.4338
4 6 11.7196
13 7 40.0293
4 2 40.9425
26 6 11.1923
25 12 97.6802
12 27 42.4311
13 19 94.9878
21 5 61.3546
20 16 39.5202
13 11 98.8061
0 26 89.8868
31 9 21.9901
10 19 92.1268
23 5 35.4081
13 18 80.4912
30 4 26.6242
9 22 12.3081
3 21 29.1498
7 22 83.5273
26 21 18.839
4 28 24.0545
31 21 2.28596
1 2 74.5965
28 2 44.9404
14 16 25.4824
20 7 24.364
13 23 20.6918
15 28 86.8727
18 7 8.82772
18 23 52.8611
26 17 20.2485
31 28 91.4135
11 6 35.2906
18 29 97.393
3 11 59.5484
29 27 58.5426
8 21 8.38798
0 1 11.8975
13 24 55.0392
5 15 92.6533
5 13 0.432302
19 31 59.3561
20 1 31.2346
16 2 88.3615
9 10 65.303
20 31 42.4476
13 16 6.12696
26 23 60.7257
30 10 64.4575
10 21 7.07636
19 2 26.5244
2 8 92.4772
8 14 63.0445
15 16 64.2079
4 14 43.0106
3 28 10.45
24 20 0.196704
1 21 70.0225
19 22 47.9231
15 2 39.5804
9 27 74.7904
16 0 8.49047
7 19 74.5705
22 12 21.4479
31 29 30.6718
0 14 24.8799
31 10 75.6508
7 1 22.6653
23 19 15.4142
9 6 70.3004
10 29 13.6476
27 24 75.4153
0 6 55.3263
28 9 54.7287
29 17 56.1948
31 13 55.3483
28 20 10.9245
18 22 63.0573
21 24 44.1
22 11 98.5457
6 13 93.9898
11 10 63.4278
27 30 32.425
6 20 60.0456
11 23 7.87351
30 6 90.9187
27 3 70.6521
10 12 57.0837
26 14 5.88409
17 11 33.542
31 22 75.572
11 16 95.7139
26 12 20.8321
1 16 43.9923
19 11 96.7108
8 24 60.1543
10 22 19.6902
30 22 72.0262
5 6 73.391
0 24 67.8778
18 6 83.4752
3 25 21.2759
22 14 94.7581
30 26 8.16234
29 5 95.0321
28 27 27.4479
17 28 50.919
26 18 86.7518
4 20 82.9755
6 31 55.9357
23 14 72.6829
25 2 46.4628
17 25 79.2991
3 6 43.0301
4 8 25.9099
6 21 77.3986
27 10 68.913
27 13 65.392
25 30 23.7111
23 25 65.7729
15 21 48.2176
18 20 16.1021
0 28 97.3868
3 18 43.2377
12 3 35.2229
18 15 50.5086
21 20 68.6615
7 9 37.5332
30 3 99.1477
11 18 48.0372
3 29 4.79829
12 23 34.2421
0 27 69.7974
14 29 77.7146
14 25 51.8889
23 16 38.3944
21 4 88.9505
1 9 71.1556
25 10 97.4561
10 14 48.0933
2 27 25.9446
21 11 72.918
11 5 71.5693
15 22 93.7559
12 9 91.9078
2 13 51.7254
11 26 70.8382
17 16 90.3069
1 6 66.8474
8 23 21.8193
2 17 69.3128
8 19 87.3219
10 6 88.3666
6 7 8.26929
22 6 44.5418
20 2 46.5403
19 9 17.5556
22 24 2.19298
29 28 99.2729
20 3 80.8281
20 23 1.23616
0 23 17.9209
26 1 3.22133
7 2 16.5392
16 25 60.1552
26 20 18.1603
6 23 75.942
6 2 69.1437
2 24 58.3758
31 12 21.3764
0 3 88.0061
0 9 29.8105
2 3 98.4518
8 9 76.8335
24 10 78.0905
20 19 50.115
5 16 9.03737
19 21 90.9465
1 17 2.53666
19 4 5.78529
30 2 21.0667
2 0 43.6752
14 20 50.838
16 4 57.2255
15 17 78.778
27 17 56.5067
19 26 35.2706
19 1 82.3817
13 14 94.1881
29 24 12.6099
24 16 12.8176
24 5 30.0117
30 21 1.52627
13 8 0.212203
18 21 35.1873
20 27 95.1107
31 18 66.0115
0 30 76.6299
9 11 51.4267
8 12 75.1304
25 31 68.5837
18 17 13.8865
2 5 94.0146
12 1 34.932
16 31 35.9492
11 7 15.1341
19 16 18.4218
19 28 49.6721
28 14 88.6398
30 12 80.8652
26 15 12.7956
26 29 63.2869
4 29 57.7772
3 8 68.8401
17 8 97.2131
7 27 63.957
27 31 53.6998
22 21 72.9322
6 25 7.74496
14 1 85.9846
30 14 36.977
18 10 62.6955
27 15 58.2402
23 27 18.0591
4 22 76.8299
27 18 57.3307
11 0 9.62854
7 21 16.3566
1 23 88.756
10 2 90.6052
9 16 39.9402
8 18 7.73428
3 26 89.7786
18 12 33.8535
17 13 59.1291
28 18 58.0618
27 5 4.85755
21 28 47.5235
18 14 10.4336
28 5 80.5321
22 27 97.3046
18 1 53.0778
0 18 15.3702
8 29 22.731
30 17 26.3954
5 31 70.9485
10 0 42.1008
15 29 14.8633
21 23 59.7994
30 23 65.8116
0 25 60.3839
8 11 63.3983
9 29 16.9459
13 30 22.9306
14 9 8.79325
26 5 18.2228
22 28 18.7851
22 0 16.6353
22 1 63.5489
5 14 14.9607
0 5 92.9755
